10
25 100
773 346 864 722 694 47 321 216 72 569 593 699 988 10 272 464 446 861 67 656 883 205 800 960 65 558 487 944 728 488 189 659 28 567 437 520 687 905 480 423 978 365 388 231 398 531 949 411 198 827 964 531 350 610 897 855 786 829 763 278 600 380 946 735 871 821 357 240 820 2 448 898 967 750 514 879 395 841 796 444 41 635 149 748 610 329 282 16 391 859 716 434 66 767 330 327 758 76 327 745 
440 427 476 65 618 854 442 844 338 553 592 817 966 37 28 533 110 5 438 642 360 615 153 602 775 382 1 121 569 936 751 159 143 42 110 289 114 691 649 729 87 551 477 380 743 395 729 350 477 939 492 579 725 200 60 635 973 268 755 127 861 962 639 903 814 16 811 628 859 699 559 266 367 128 751 118 319 30 417 873 548 336 414 466 522 786 831 873 394 558 908 406 217 265 88 878 602 321 214 376 
750 725 563 989 669 322 923 530 761 619 208 858 557 640 97 715 845 637 95 402 803 21 487 146 916 306 702 847 230 739 899 43 826 849 807 738 97 55 703 810 366 386 334 513 219 224 656 530 748 51 156 184 234 158 920 685 960 786 914 143 480 273 561 681 877 351 2 535 977 832 847 426 288 528 2 36 128 607 997 606 773 411 262 809 923 908 56 587 256 720 338 712 627 913 227 50 848 434 715 624 
314 643 540 349 76 599 648 33 172 723 355 323 708 22 488 922 332 93 146 929 678 335 223 340 126 309 866 427 141 821 544 16 920 183 715 454 645 774 1000 853 161 219 553 891 863 508 197 717 436 516 280 329 650 663 545 375 110 872 399 705 587 15 621 377 724 339 870 572 510 651 603 646 489 932 556 203 279 81 599 179 61 648 347 482 470 12 331 147 144 937 538 588 229 476 79 89 613 4 335 488 
30 810 839 410 826 1000 230 733 756 532 419 824 759 773 351 78 245 979 760 507 785 588 829 907 765 791 749 756 628 939 321 569 992 299 519 637 910 718 703 422 13 793 584 469 973 827 790 970 216 154 890 838 281 791 314 791 964 835 353 251 256 212 343 499 995 395 622 432 822 363 322 798 457 953 399 454 32 308 84 944 10 404 776 275 87 759 159 329 724 579 233 396 688 260 896 846 500 811 508 523 
827 645 173 328 57 531 536 108 360 355 414 867 146 735 363 720 623 373 162 231 812 620 703 229 474 607 56 441 508 381 257 288 688 722 251 272 219 992 381 473 603 823 681 951 20 128 687 547 945 616 738 359 109 395 813 351 14 25 14 947 174 400 607 666 796 111 468 32 969 122 995 817 448 257 228 551 17 580 59 312 807 436 563 514 722 194 845 773 993 748 165 80 8 116 388 359 182 32 954 668 
901 20 302 402 267 212 780 746 898 396 541 203 630 892 171 824 739 684 570 98 187 661 245 816 805 487 224 257 184 620 388 27 984 834 449 786 941 860 763 907 505 214 600 644 713 429 299 717 950 401 832 106 843 447 765 791 737 707 682 837 290 106 223 865 34 146 36 524 362 255 781 178 592 401 795 48 244 67 721 688 690 909 517 320 611 611 441 925 92 974 447 595 668 730 397 281 54 670 689 884 
543 32 48 75 3 502 521 242 376 814 596 170 522 161 765 573 120 913 877 483 741 928 601 789 920 249 952 492 801 838 175 718 72 934 244 595 898 220 506 965 208 474 47 999 959 118 573 993 103 731 261 20 568 979 529 658 984 463 760 187 939 233 893 375 184 436 695 649 678 945 98 657 59 95 614 190 538 175 209 458 447 343 950 569 107 6 258 211 141 841 280 947 125 398 724 994 146 483 893 943 
80 932 941 974 121 715 915 423 637 791 692 118 555 313 754 105 17 217 992 863 477 208 257 973 145 826 732 823 53 590 343 648 406 846 601 189 938 0 893 550 23 331 412 425 856 228 858 881 407 389 454 741 122 710 979 840 659 761 218 98 705 923 329 372 552 802 613 282 960 589 334 455 452 254 2 309 229 196 167 743 446 963 725 864 710 275 110 711 440 416 619 842 977 107 529 56 741 783 836 374 
910 618 858 44 454 562 75 495 795 77 802 8 289 627 40 101 902 936 653 687 238 851 361 589 471 127 787 82 633 882 585 353 360 883 357 697 242 630 29 267 644 855 739 68 546 107 609 612 11 105 824 523 207 639 674 917 203 180 807 715 75 912 111 829 767 678 334 615 181 891 478 566 364 848 18 919 764 259 556 374 356 534 655 686 613 910 477 479 244 106 302 725 635 890 225 253 148 429 569 88 
527 966 15 645 137 632 401 338 192 775 365 305 349 697 999 486 526 237 209 578 754 712 425 14 754 516 707 311 698 566 313 798 388 902 242 292 568 36 194 73 59 802 30 793 148 83 14 483 875 895 917 53 227 26 740 336 312 914 155 129 300 840 791 305 231 5 826 751 224 659 41 613 10 377 774 215 172 747 466 450 322 374 486 638 745 552 338 93 494 750 851 405 959 752 829 956 888 178 96 137 
60 736 11 652 241 35 14 603 956 758 109 160 964 710 917 266 201 62 456 691 899 447 385 84 52 1 71 843 305 175 883 564 199 653 932 229 848 628 320 250 482 535 123 613 185 186 849 882 942 681 228 215 228 164 616 607 628 194 47 529 140 348 114 118 656 328 325 255 148 347 977 339 467 976 364 189 837 314 953 621 686 583 404 669 841 957 785 495 632 731 831 752 268 472 196 785 969 41 907 533 
872 727 851 711 588 133 962 596 792 764 641 597 447 616 236 316 92 137 150 156 756 195 261 437 220 558 476 416 281 954 543 225 529 360 239 409 25 1000 317 196 548 239 709 363 85 376 257 512 234 102 248 649 785 714 595 913 672 584 497 968 411 221 573 221 301 342 230 730 805 477 930 879 788 826 999 467 34 847 930 833 92 138 392 589 6 453 851 323 825 902 0 275 26 549 119 139 487 53 401 363 
675 712 360 861 869 486 893 369 379 285 725 928 525 722 410 396 891 706 758 879 775 431 992 136 41 802 738 198 878 163 587 715 17 617 198 347 940 424 369 169 606 389 173 832 913 921 350 216 99 809 259 833 628 146 193 917 280 31 506 871 913 887 82 202 907 588 987 975 31 875 287 454 439 329 546 136 703 933 893 994 414 798 269 581 272 580 809 978 755 524 317 333 253 806 159 779 375 354 803 482 
350 962 690 582 440 553 814 989 374 536 510 547 539 0 235 719 458 736 917 195 514 520 204 657 257 89 57 616 408 293 187 188 790 681 600 547 999 820 27 397 605 254 306 455 18 122 730 840 613 500 909 428 986 827 16 510 966 633 463 843 928 933 656 592 64 854 522 507 267 220 40 281 50 537 444 373 683 410 254 830 249 817 181 862 488 408 211 940 193 369 947 686 910 534 646 101 396 229 111 392 
129 30 16 192 611 28 649 940 339 350 279 851 885 446 264 549 758 601 682 424 508 357 185 844 477 708 66 407 950 116 802 16 554 643 988 52 806 550 483 184 270 597 309 126 160 90 861 219 279 380 988 208 549 835 142 860 156 299 622 255 665 345 597 290 369 372 385 934 615 24 543 163 315 544 479 61 302 333 926 358 272 618 864 654 239 960 565 942 641 466 79 128 854 224 978 297 36 882 381 367 
385 578 859 383 109 968 68 677 493 334 287 800 319 706 404 607 292 637 706 797 258 711 679 856 110 773 665 383 51 448 577 550 648 833 632 160 927 890 160 770 593 637 575 931 714 612 36 62 314 985 372 972 300 459 112 958 354 204 184 487 90 78 304 741 848 840 800 416 140 49 643 546 205 1 88 976 832 218 10 428 486 248 3 706 507 665 805 405 261 1000 596 220 60 847 168 712 772 812 315 736 
13 658 77 615 354 77 780 333 24 769 668 183 265 126 838 787 137 84 102 913 843 667 389 350 538 351 393 587 867 159 434 9 351 283 485 742 7 560 344 64 496 213 260 670 438 379 689 714 600 723 955 116 730 786 785 807 40 6 916 24 674 373 46 934 459 513 882 885 718 839 745 773 230 872 666 480 637 956 329 713 241 377 819 465 735 224 659 680 230 322 382 33 198 178 834 275 280 592 9 159 
819 97 301 900 685 963 330 105 422 41 692 410 833 524 344 515 187 743 716 549 623 298 41 621 8 275 808 382 44 170 488 814 730 113 315 762 553 641 193 434 354 788 885 1000 212 575 86 923 411 9 205 582 34 813 406 736 677 290 50 816 147 404 625 658 359 126 368 26 218 754 861 541 227 317 281 21 649 330 925 218 445 486 975 911 354 959 473 331 428 645 347 299 557 572 815 720 408 637 624 150 
611 217 332 60 475 583 544 776 922 425 649 121 145 600 131 83 83 215 816 995 684 413 900 141 376 574 545 577 463 991 719 821 811 969 577 708 346 820 496 644 407 513 869 87 228 872 910 803 793 0 571 862 109 680 510 329 985 119 333 568 579 439 426 628 844 597 506 994 860 167 77 89 980 823 416 454 428 587 304 194 498 975 299 916 872 894 993 80 76 59 354 468 691 859 966 385 350 623 272 2 
176 946 984 767 511 860 565 857 873 686 55 373 315 826 941 484 600 754 491 121 67 986 589 321 775 66 704 508 470 122 766 941 565 685 747 672 114 478 191 602 156 58 445 610 79 274 760 55 412 885 653 503 530 841 935 946 591 974 943 459 283 355 504 428 554 960 55 768 735 921 574 380 724 591 339 771 122 459 162 537 850 566 584 259 305 554 659 527 226 958 908 181 617 365 289 413 399 377 678 55 
719 760 770 252 249 947 156 925 980 663 694 971 802 284 952 169 532 789 614 231 215 128 14 910 110 23 843 887 447 317 614 969 211 973 847 891 122 109 300 934 826 846 404 654 109 593 604 420 698 164 921 691 983 784 753 995 517 167 519 122 547 915 95 95 443 834 801 933 50 112 554 775 908 244 678 452 796 143 875 806 935 6 45 772 53 56 494 466 719 883 491 472 804 108 175 593 589 604 10 796 
107 688 427 955 118 220 721 738 429 111 243 924 469 697 317 383 535 552 639 253 774 206 287 341 481 29 658 844 186 883 842 303 179 183 40 351 416 572 946 150 649 612 30 308 178 850 763 946 529 300 346 611 634 695 480 519 570 462 787 371 439 126 714 708 215 721 703 52 354 997 237 993 546 925 358 368 699 817 729 306 38 653 232 160 786 160 416 512 149 394 614 812 514 655 978 845 198 559 977 368 
830 52 992 18 31 179 912 657 303 156 789 789 76 106 252 672 450 490 99 681 673 470 130 255 1 644 580 298 411 245 388 996 99 251 36 415 871 622 34 810 880 428 983 194 949 991 554 825 384 95 146 862 272 753 609 845 485 245 601 999 26 444 569 156 622 278 599 115 239 696 844 842 295 500 410 635 901 719 612 986 660 491 177 435 65 844 859 832 940 221 168 363 571 177 527 642 670 504 418 885 
934 762 878 170 547 108 745 162 813 363 649 793 649 499 82 858 973 788 993 797 998 738 349 739 132 912 201 828 113 304 408 785 512 472 411 77 235 292 601 461 507 164 595 830 631 538 775 72 423 842 673 185 8 829 250 129 313 849 656 538 796 143 226 328 844 54 533 159 892 355 483 639 309 790 840 616 620 367 212 192 776 730 894 884 375 575 931 76 657 479 131 349 21 409 95 292 286 442 799 475 
