30
25 100
646 993 984 263 556 141 524 43 835 416 395 79 843 129 633 773 513 201 770 946 501 707 472 150 780 963 270 112 671 211 99 374 521 293 860 185 211 273 951 714 850 490 936 277 651 442 443 501 588 112 134 407 896 758 337 720 748 947 565 550 145 682 117 798 403 734 919 843 115 350 764 51 430 366 867 635 218 567 190 501 124 67 771 20 649 863 680 972 947 605 45 670 169 429 423 961 893 995 600 242 
96 641 395 632 9 190 217 197 601 162 493 1000 403 817 503 857 381 817 419 807 452 996 203 682 114 528 823 787 781 682 22 856 230 879 463 89 859 268 768 476 697 610 851 126 592 192 246 749 882 542 507 811 91 999 202 867 370 462 650 512 960 877 763 311 937 35 935 24 284 914 522 657 167 554 301 280 21 170 164 112 971 856 657 127 942 305 435 421 475 74 796 190 494 686 761 367 797 601 271 383 
941 364 838 677 667 179 64 358 158 683 394 195 768 55 364 84 768 889 472 612 324 120 832 676 599 34 962 76 377 938 765 154 46 282 666 123 167 765 935 387 704 484 3 916 139 506 113 950 688 97 865 169 705 23 618 390 780 194 91 832 747 702 173 356 621 231 869 40 995 904 847 129 171 624 841 796 562 458 846 271 548 409 364 845 69 717 414 551 22 77 760 36 146 851 903 832 426 124 869 682 
891 340 49 97 479 416 878 360 276 181 304 566 8 300 719 281 714 748 858 590 72 994 376 272 83 275 211 214 577 786 736 771 431 276 157 323 101 251 661 385 728 363 522 547 156 668 461 78 447 993 788 867 204 542 539 99 23 718 990 387 4 608 491 229 441 503 658 52 360 335 144 571 130 415 118 81 833 829 639 446 197 200 923 113 786 860 978 712 268 676 863 522 297 828 695 713 828 520 978 453 
838 803 236 971 335 571 711 792 163 954 464 222 657 377 546 613 145 878 596 359 275 563 305 636 971 184 396 431 754 904 239 353 329 607 937 537 429 4 311 719 446 392 660 431 969 211 14 299 629 546 408 844 203 995 640 889 496 256 63 567 86 155 30 555 633 690 618 288 482 825 34 641 148 17 678 283 451 123 246 384 142 421 300 999 331 731 792 112 113 504 437 980 94 972 392 399 138 27 104 288 
968 861 797 117 908 884 398 31 876 930 939 750 461 276 825 859 877 640 935 481 794 890 889 260 772 461 481 146 45 502 314 210 351 348 410 984 915 116 911 237 675 138 354 374 658 812 225 831 421 315 993 287 410 534 234 50 719 930 966 886 768 71 658 381 542 312 990 522 332 635 242 911 666 312 849 286 149 447 599 82 681 938 884 120 37 722 458 246 621 680 537 628 583 844 987 847 70 275 72 715 
970 819 954 526 318 514 67 446 32 49 111 366 382 895 291 591 903 268 865 535 914 513 17 72 318 508 963 386 500 830 518 240 965 979 801 530 913 471 358 460 606 517 34 782 490 730 234 580 555 610 186 279 912 47 324 87 460 139 921 79 183 102 524 801 572 851 812 600 476 143 792 992 584 268 507 153 433 466 632 568 939 852 348 339 430 666 239 489 788 941 763 448 373 739 436 998 177 982 884 305 
450 183 761 655 739 22 362 994 363 552 978 855 230 238 380 628 304 226 983 330 795 503 405 397 791 707 305 936 413 960 92 945 965 843 480 117 447 707 819 27 534 896 338 674 846 420 298 148 431 846 265 341 345 216 559 526 85 419 849 128 201 361 626 440 348 957 863 73 748 899 377 174 558 743 420 292 461 381 851 496 335 392 640 461 814 701 683 968 886 464 242 418 865 989 956 442 268 386 115 347 
929 988 656 353 657 432 115 459 268 857 111 949 971 461 607 48 723 797 605 187 422 394 199 57 652 956 529 757 99 555 60 971 445 341 282 461 528 343 894 652 784 627 502 839 375 813 847 88 25 480 144 186 160 964 610 377 971 459 89 672 519 105 665 798 707 593 846 745 639 809 22 726 311 86 98 24 228 869 942 265 306 585 360 645 130 973 835 304 678 876 532 55 239 608 628 19 216 129 638 671 
333 602 381 506 795 180 973 618 364 45 465 311 393 169 529 723 535 994 252 753 9 762 387 182 538 206 818 523 405 728 181 797 910 582 492 350 407 540 776 952 829 258 76 17 908 875 194 624 651 88 113 780 382 422 291 345 891 233 217 60 711 27 638 435 177 931 554 995 271 166 823 517 703 565 364 439 625 163 705 1000 393 666 776 5 182 359 668 651 60 8 823 979 159 297 719 999 183 347 965 72 
64 969 68 475 614 66 354 172 849 10 541 210 972 652 8 998 449 475 51 960 287 575 506 538 944 554 331 393 590 643 120 579 263 855 42 926 484 824 707 777 570 554 237 776 357 339 690 460 952 576 763 481 753 435 28 408 911 791 284 818 694 78 767 866 26 944 997 448 145 52 229 168 847 357 444 625 839 8 953 802 275 127 393 739 447 871 493 642 919 867 601 346 129 703 573 668 714 736 785 680 
625 206 485 653 178 917 597 281 595 273 361 253 328 97 830 108 764 934 49 240 999 564 410 794 426 87 539 318 765 22 684 774 431 882 296 617 920 125 147 317 964 12 902 620 1 196 446 530 764 903 267 198 8 439 451 370 422 521 2 483 204 85 546 163 128 422 173 701 947 553 295 542 990 626 363 730 661 785 925 154 34 244 961 396 765 55 470 491 988 453 999 61 3 680 248 998 683 118 5 882 
341 766 273 78 971 956 923 564 286 892 958 265 879 315 510 391 273 463 4 437 838 381 162 192 466 901 314 904 650 696 329 678 179 518 504 142 547 105 626 923 372 557 300 125 473 636 648 870 160 88 214 607 55 456 243 668 589 226 823 390 1 85 529 438 623 206 979 715 683 138 345 118 296 477 811 292 564 860 370 392 111 644 204 439 8 977 107 124 586 440 297 915 222 725 28 124 999 752 570 100 
718 530 120 710 141 148 404 821 30 979 553 384 249 23 286 928 148 453 532 944 200 274 320 816 527 987 837 840 501 667 787 793 701 624 854 926 152 907 487 193 535 787 502 328 15 368 607 343 447 915 890 610 584 66 143 537 634 789 468 604 284 884 578 703 768 837 904 317 872 379 766 517 960 895 681 709 820 937 964 931 526 314 392 700 615 464 646 824 72 381 600 317 162 512 338 709 809 58 946 128 
176 890 852 496 529 336 328 373 466 369 91 153 274 458 395 638 975 76 311 27 242 354 34 306 984 735 495 771 736 224 395 784 381 352 626 213 988 756 83 147 562 264 227 575 519 557 944 810 595 902 338 207 974 520 716 957 49 843 597 919 160 727 428 109 46 906 664 806 219 922 893 112 828 507 291 781 882 667 885 905 548 486 617 914 282 21 796 870 347 365 335 903 53 84 312 587 541 315 682 609 
911 563 715 445 554 798 245 489 574 2 133 308 264 134 629 210 720 76 92 9 136 803 298 999 447 524 407 374 503 580 724 564 785 11 523 112 482 715 438 237 135 989 107 77 903 168 85 296 797 891 368 242 112 636 952 837 496 484 36 580 614 91 559 896 645 651 719 225 537 351 722 974 489 940 918 857 904 287 215 39 541 767 322 608 75 710 56 902 848 783 732 585 399 101 612 154 727 465 625 223 
414 332 969 795 692 360 189 611 458 898 190 669 93 33 851 248 438 619 583 197 950 429 582 795 272 795 796 174 812 778 757 429 351 832 571 35 835 663 903 606 669 560 47 634 89 901 811 686 115 791 204 755 702 491 737 475 680 3 283 84 56 454 485 868 106 54 405 130 2 832 713 178 934 136 819 921 729 783 536 145 754 409 508 6 923 481 309 403 330 587 486 632 77 10 69 461 169 739 132 873 
848 443 105 239 918 789 224 761 234 30 82 887 301 355 378 58 234 920 57 705 852 626 409 667 986 92 804 132 786 176 352 164 301 203 799 757 154 742 634 237 634 418 283 747 678 288 764 673 161 634 645 125 760 46 991 732 719 932 10 202 435 21 327 936 584 674 736 918 958 24 730 425 679 45 36 980 373 57 690 435 515 617 763 620 864 312 567 785 690 169 562 947 789 874 718 870 71 287 970 893 
624 928 782 516 65 936 511 638 539 695 649 574 610 225 715 54 791 409 283 639 415 239 301 274 457 333 11 565 75 560 34 237 523 578 672 268 426 259 628 466 145 712 125 867 323 189 182 889 897 414 315 426 428 992 920 62 770 847 353 815 916 22 964 743 820 294 818 354 659 560 428 1000 116 681 455 545 410 720 25 63 484 891 59 528 196 74 999 559 945 806 824 792 418 145 518 623 492 188 388 676 
159 354 777 510 583 115 163 908 322 201 646 762 56 217 941 69 421 603 713 214 160 303 665 764 741 672 265 649 365 358 4 380 177 653 11 909 41 738 745 948 16 498 694 36 304 894 600 290 212 581 147 903 775 171 460 901 463 886 980 695 12 292 347 550 347 600 411 572 419 584 260 982 103 73 303 269 875 268 557 941 814 899 609 730 109 584 628 839 69 256 25 536 531 89 664 378 161 403 263 664 
319 754 453 71 351 856 571 500 96 112 622 577 140 60 352 49 866 448 780 719 592 225 538 798 968 335 936 11 648 950 859 818 90 244 708 896 264 346 927 964 70 584 898 216 66 168 356 524 878 256 732 884 265 9 316 987 5 481 989 907 787 438 861 521 721 53 144 950 900 558 822 35 417 35 495 555 242 472 419 509 708 874 899 679 411 569 664 410 813 122 533 837 239 783 818 852 899 404 545 655 
74 273 966 209 480 337 282 15 578 639 374 174 924 533 422 332 900 131 637 35 586 603 911 240 206 326 702 873 280 302 551 47 487 208 825 331 484 557 716 303 859 340 176 721 948 314 428 151 722 544 649 798 440 358 438 515 311 765 167 279 579 974 193 589 43 111 858 247 702 148 986 662 783 462 175 245 197 53 551 484 993 473 607 730 118 460 91 540 110 326 587 815 669 343 778 301 828 459 199 731 
629 721 371 821 999 926 420 212 561 393 803 648 840 546 872 164 853 743 142 373 776 767 22 688 903 446 822 635 946 905 226 14 960 705 292 109 810 273 35 840 814 326 710 794 655 686 968 557 426 778 877 867 469 853 138 157 212 998 865 336 910 24 613 590 155 530 612 836 336 793 222 236 0 937 595 671 823 422 379 432 676 188 778 899 828 371 19 768 427 11 88 588 264 0 823 775 922 902 225 792 
610 205 38 656 758 982 452 291 448 873 512 418 533 541 662 495 665 731 338 870 46 793 696 14 831 842 956 182 530 663 33 263 824 59 215 751 982 782 176 939 250 900 738 12 996 407 616 527 615 723 688 383 512 25 896 959 458 234 62 714 545 149 232 143 451 357 298 533 931 603 893 22 645 792 989 177 45 286 808 585 698 321 664 791 116 659 57 704 457 770 781 232 193 77 309 465 722 342 279 625 
539 322 624 161 293 111 123 606 868 947 501 996 371 692 211 47 862 541 920 136 451 766 882 897 619 227 105 898 821 269 25 926 999 943 198 880 532 1000 752 749 637 262 57 444 379 279 5 635 374 741 895 518 22 869 351 447 756 352 738 189 752 317 472 666 108 71 328 224 313 729 849 222 141 650 559 947 224 434 261 728 514 347 505 897 588 132 815 87 748 297 897 944 527 515 32 448 590 724 952 789 
