15
25 100
501 550 110 987 903 779 130 556 446 510 898 380 3 582 10 268 381 759 985 428 705 273 110 774 274 761 42 25 745 609 776 631 490 207 928 550 313 627 215 416 287 177 909 115 773 844 936 83 833 598 338 966 395 938 886 149 747 691 344 294 276 555 214 122 641 735 227 832 488 644 852 497 68 738 218 187 862 815 558 270 402 869 55 963 974 370 924 703 481 985 80 65 662 329 338 907 439 626 133 325 
482 90 9 929 218 772 920 478 266 423 273 763 581 641 941 636 52 634 780 580 257 838 901 291 710 808 255 892 287 222 81 187 544 805 227 529 731 778 628 178 425 528 162 158 865 417 882 786 145 687 248 840 746 29 633 315 67 373 222 319 492 980 857 366 105 52 510 604 904 762 694 226 455 560 454 132 273 174 1 108 800 964 573 621 77 51 362 203 572 738 826 916 307 610 445 693 96 253 22 139 
764 52 329 731 420 645 24 916 622 238 496 997 440 232 200 758 480 706 594 882 862 301 299 128 100 69 220 722 589 799 134 149 553 84 529 490 587 215 304 929 303 377 963 794 861 59 698 404 433 861 437 844 897 206 5 772 724 467 354 499 856 227 559 413 835 318 168 746 474 425 341 307 34 598 522 325 541 819 872 492 426 721 193 81 996 667 840 917 141 865 728 29 966 836 343 175 766 486 47 51 
720 491 858 925 488 641 502 723 504 74 280 616 555 492 671 341 700 783 276 389 520 340 134 614 738 17 674 845 122 898 967 132 336 983 823 991 977 72 315 164 564 671 753 756 344 794 177 575 604 872 105 828 657 101 31 273 825 770 807 486 868 74 466 772 196 212 907 45 225 557 239 475 583 740 401 916 587 649 530 774 94 352 834 550 403 644 362 553 888 303 531 712 430 922 133 312 984 656 629 624 
956 657 636 445 327 785 126 489 815 96 783 999 267 123 671 57 571 193 218 1 952 50 978 310 359 567 560 433 390 776 517 148 884 825 960 26 254 345 411 170 196 655 41 275 707 643 847 707 895 815 251 505 326 946 294 490 656 297 51 552 569 916 632 190 286 404 687 716 67 207 426 137 161 102 773 224 984 676 836 979 216 879 457 87 36 314 249 499 524 772 803 777 460 508 557 447 601 797 471 227 
471 722 723 253 660 169 453 989 471 450 971 420 875 816 272 490 525 922 695 816 731 211 145 523 534 4 329 931 429 760 820 119 186 309 668 160 13 969 769 319 875 727 292 954 56 895 470 151 931 246 306 912 1000 92 858 672 997 306 154 304 101 923 510 435 262 224 748 500 688 253 317 411 542 168 556 701 799 80 812 393 779 106 28 368 660 322 583 396 900 902 872 569 83 751 705 938 421 701 688 756 
394 303 150 138 385 559 721 217 315 353 231 447 405 146 278 855 911 755 87 638 291 561 169 126 548 71 728 269 827 45 867 806 571 769 867 898 765 281 590 569 72 300 477 148 826 9 624 120 727 235 587 531 396 38 923 252 852 327 390 801 711 637 838 674 973 339 115 875 101 699 213 12 629 180 807 530 118 414 810 812 915 451 267 910 258 698 172 848 532 680 964 303 967 10 52 614 993 6 89 498 
339 581 80 1000 272 140 27 791 945 458 564 296 275 359 435 740 219 519 214 929 638 947 774 420 656 418 483 1 780 257 794 693 443 136 87 299 287 999 952 72 10 340 416 360 519 821 28 119 701 70 37 653 702 630 256 191 449 413 960 842 570 142 980 877 80 858 489 739 589 877 775 579 915 509 956 82 531 39 121 457 164 236 525 682 593 680 295 766 312 578 495 108 668 240 504 140 879 817 997 536 
707 949 670 138 426 677 695 285 22 1 844 808 99 682 682 478 352 973 661 551 382 555 292 528 240 800 157 460 217 721 504 815 614 415 909 827 504 210 836 462 144 935 503 271 937 459 504 204 111 550 302 931 221 805 105 786 855 736 959 431 617 73 344 874 987 49 198 470 168 364 704 830 246 198 928 496 628 634 821 911 837 847 212 231 557 148 604 716 909 11 73 550 871 696 450 545 74 441 620 504 
377 561 178 120 400 783 773 25 300 548 219 157 470 709 463 534 60 404 318 242 869 700 411 35 130 85 790 680 969 260 756 623 505 749 350 948 31 162 273 194 254 132 610 138 904 494 807 768 505 550 713 904 148 815 47 634 171 767 941 503 271 797 624 787 439 700 872 552 855 33 701 18 322 230 354 587 267 891 359 452 369 20 325 721 937 478 504 596 800 254 436 603 129 169 873 230 86 141 644 708 
314 97 720 174 801 597 660 712 181 642 308 12 710 800 64 422 613 555 504 438 288 504 279 96 871 554 123 472 692 724 824 255 975 442 867 99 475 883 874 382 38 221 860 964 116 133 571 785 373 658 744 556 934 129 542 692 598 566 657 254 116 945 120 445 641 33 507 670 835 345 64 585 332 477 669 959 816 29 10 357 905 673 541 475 263 147 139 530 105 916 261 482 437 251 306 402 583 923 881 256 
360 480 696 729 166 2 123 696 380 312 13 62 774 631 657 494 332 841 794 351 490 73 539 743 20 719 689 305 58 144 483 341 479 862 528 906 462 784 78 305 522 341 220 716 742 103 155 921 404 649 916 750 72 729 753 703 891 368 388 455 849 611 738 842 951 467 939 837 51 636 599 546 23 350 642 512 558 299 396 918 80 101 862 453 487 660 332 627 122 684 54 821 519 338 623 657 706 333 612 408 
209 296 153 214 736 782 741 18 713 945 920 44 361 880 811 658 472 827 445 641 121 972 350 89 345 503 365 309 675 876 812 132 465 389 42 835 818 245 775 720 533 292 878 985 318 828 214 603 290 241 305 742 916 873 587 913 368 378 952 102 957 416 281 58 451 338 885 601 242 303 16 900 437 906 336 474 384 809 868 372 467 713 694 369 22 538 774 241 119 648 715 173 437 540 438 824 114 208 895 244 
435 129 486 480 959 830 38 783 169 607 194 983 297 106 335 882 918 655 522 246 537 712 821 530 270 250 288 242 858 839 752 42 774 398 163 738 230 637 836 783 201 617 229 422 65 24 541 37 765 171 352 750 993 815 217 979 782 484 934 193 311 888 983 115 158 488 966 426 452 490 836 222 214 122 727 567 79 198 170 125 169 626 695 874 908 827 242 394 193 173 438 295 948 320 103 718 675 36 61 631 
101 460 628 96 818 610 2 732 478 350 420 0 785 92 30 678 597 404 940 444 523 16 23 910 658 718 514 932 40 375 913 37 747 324 207 798 843 603 171 257 215 440 432 343 87 295 289 697 450 191 869 956 516 963 706 345 141 82 736 661 927 787 492 444 279 684 122 309 558 531 11 222 804 380 112 728 990 736 958 663 221 329 217 480 248 986 759 864 705 444 666 6 706 835 389 581 62 531 49 904 
295 636 385 329 998 923 563 453 497 292 820 155 687 874 374 36 47 441 58 722 533 901 133 639 522 915 806 519 312 694 679 525 688 303 345 774 296 22 828 28 236 244 804 63 473 197 271 219 520 955 796 355 263 53 327 558 899 207 676 583 329 892 94 731 829 339 428 660 835 390 565 383 634 434 801 583 774 236 724 173 200 914 970 958 386 231 716 77 124 412 275 615 474 783 378 185 818 388 96 623 
134 125 768 794 890 912 12 191 91 141 652 354 702 674 378 220 158 671 291 293 223 581 257 702 862 95 765 920 658 190 488 793 877 373 998 544 742 517 793 392 171 897 672 512 565 548 31 920 568 605 351 90 56 893 772 389 197 983 74 250 735 538 34 203 391 131 585 299 776 782 425 687 454 630 454 483 674 168 6 372 538 452 122 171 296 46 770 918 749 290 456 980 380 300 192 224 434 719 590 16 
68 811 589 892 244 870 721 229 712 270 11 798 262 965 86 187 911 793 905 243 973 95 638 100 66 772 762 24 946 84 625 949 175 396 282 145 93 364 64 54 667 255 953 584 834 87 478 836 988 979 606 441 293 154 960 738 521 250 700 334 126 400 686 859 906 155 660 684 633 482 144 166 210 147 736 705 598 543 52 994 196 620 622 653 143 158 410 459 1 172 385 467 360 803 433 256 440 389 741 587 
715 274 7 503 16 615 966 818 442 656 998 326 804 436 358 687 44 838 152 857 1 99 55 720 982 748 224 709 474 501 354 630 452 236 227 136 471 930 545 75 204 799 73 136 371 633 120 364 452 195 333 99 1 908 784 394 702 523 285 322 270 695 43 933 233 432 67 663 955 328 794 964 588 913 211 913 581 930 613 492 634 859 965 765 161 471 732 699 833 964 320 828 161 649 636 8 333 836 292 111 
307 790 2 547 982 75 134 994 899 179 408 459 946 872 222 319 357 144 161 329 825 234 722 613 832 396 786 804 603 506 407 33 825 538 232 740 185 991 387 661 436 81 77 857 76 874 51 538 385 890 176 836 570 718 490 510 889 864 949 980 109 995 811 283 853 372 537 487 837 752 75 694 84 695 594 911 309 301 498 550 300 832 620 296 525 48 873 289 678 361 414 615 891 679 456 781 105 760 411 828 
579 885 611 867 705 592 166 312 516 613 654 757 484 846 46 708 299 341 123 475 965 304 967 217 322 762 521 880 802 302 424 68 696 993 243 435 126 80 766 760 121 255 883 385 909 656 865 855 200 474 354 278 334 185 670 414 220 871 565 721 900 52 257 925 130 237 441 47 941 248 756 851 996 205 996 471 754 91 486 727 537 828 450 402 131 686 7 73 515 369 479 630 932 289 50 282 54 73 253 294 
939 441 299 315 204 821 385 179 390 908 542 985 934 341 400 886 133 911 491 683 572 150 45 405 18 34 88 254 262 610 60 275 169 449 906 985 282 777 982 378 736 677 405 185 567 75 130 900 203 898 199 676 733 708 323 341 856 842 502 414 73 15 779 225 516 823 84 834 606 377 121 322 700 123 804 583 844 743 10 106 371 516 606 775 516 82 983 804 97 599 311 869 629 444 929 743 614 749 931 231 
903 149 975 40 260 440 793 209 23 733 296 696 537 478 143 596 176 683 339 825 725 287 606 933 487 659 465 647 813 397 985 202 994 332 243 882 266 621 9 798 617 749 713 421 822 482 435 834 164 208 193 336 313 734 521 211 451 284 245 968 73 228 265 361 456 739 807 326 402 431 45 880 670 880 940 831 840 371 317 428 957 603 803 893 260 198 450 401 417 233 614 618 145 504 158 355 748 606 822 559 
265 230 488 400 370 60 22 160 277 862 981 873 383 606 551 119 561 122 252 523 202 342 378 1 136 666 832 807 172 65 300 717 70 11 289 912 70 19 977 481 574 880 233 168 526 49 717 401 22 643 46 529 683 471 489 705 32 53 233 409 358 712 543 911 602 23 345 932 839 451 237 25 839 511 936 523 246 400 183 848 989 663 824 881 987 883 853 690 712 882 460 731 648 461 411 269 330 856 787 835 
977 951 984 118 659 560 551 783 930 139 41 653 610 970 304 237 995 794 32 482 0 312 494 666 120 874 206 67 728 224 112 174 165 308 926 214 95 648 127 641 795 844 446 126 684 871 809 732 271 506 502 569 855 242 766 249 537 455 800 38 666 2 707 94 145 685 434 835 10 325 484 494 597 474 964 115 406 748 404 630 82 282 396 245 256 106 566 986 344 401 267 314 235 82 157 424 347 944 646 906 
