25
25 100
370 277 486 765 442 655 197 696 930 836 531 942 663 57 486 921 835 256 800 782 316 417 535 918 85 221 961 140 743 170 332 951 545 731 196 214 776 58 334 242 564 293 937 81 451 26 669 980 982 37 618 746 788 414 390 314 104 195 229 978 808 750 988 176 404 196 399 147 830 994 358 545 12 485 890 637 926 469 113 767 654 577 151 119 623 59 636 378 721 726 448 669 758 311 591 734 904 975 535 804 
57 650 235 917 905 523 535 122 273 809 901 209 770 415 36 824 469 932 623 136 894 27 231 289 487 70 345 458 950 382 463 281 937 251 317 49 735 957 652 855 394 664 285 632 800 619 398 41 497 833 984 285 471 54 477 138 418 674 935 167 224 713 225 484 840 0 84 256 819 925 844 167 740 121 698 662 407 736 180 450 888 922 839 971 82 748 10 93 686 961 940 463 18 500 594 851 640 88 636 544 
716 219 434 333 115 55 535 487 213 682 779 448 362 822 495 381 698 643 716 729 892 44 701 687 30 297 183 498 200 444 847 601 722 894 727 890 586 951 730 320 208 80 993 767 517 725 82 328 574 367 454 934 212 804 150 184 172 477 187 573 558 26 735 39 376 537 965 692 568 160 897 686 508 129 285 966 723 150 499 529 717 820 195 234 32 242 116 404 811 675 94 361 255 751 896 105 719 192 14 963 
716 226 58 351 742 88 861 121 461 183 913 593 608 208 465 263 536 508 119 508 20 202 41 422 781 503 935 788 42 554 630 404 411 274 461 586 378 429 234 81 936 877 980 299 314 393 774 662 199 514 589 426 540 98 964 322 195 493 297 45 315 947 49 473 203 477 981 895 602 690 653 852 539 698 51 852 152 740 810 435 850 609 881 382 804 479 998 500 993 45 663 313 671 214 310 698 334 448 64 882 
299 724 634 799 79 171 440 748 684 21 278 706 791 949 64 46 894 485 581 829 460 493 733 173 365 898 972 134 816 64 219 909 705 277 818 172 844 15 400 877 430 450 394 740 293 835 954 479 752 271 127 958 18 747 423 442 367 307 917 502 396 947 977 13 611 340 124 1000 676 410 105 157 603 815 748 290 982 366 854 937 790 985 897 934 498 245 922 46 304 423 404 355 96 591 425 915 734 521 952 251 
898 366 367 666 243 738 590 660 539 948 364 196 61 19 908 229 115 868 379 53 995 47 386 485 80 272 841 528 178 908 361 514 701 764 370 344 657 339 908 109 902 80 697 812 248 232 919 964 314 969 220 87 170 362 894 644 555 308 291 414 498 120 560 786 17 376 349 717 715 387 133 615 677 732 433 219 9 776 281 251 862 977 486 938 789 193 101 533 780 4 235 804 38 907 185 171 771 580 437 835 
796 852 876 461 289 688 576 662 50 708 674 760 451 364 60 469 62 904 168 99 433 684 625 609 282 120 515 594 122 755 530 779 709 470 649 38 240 765 805 474 611 428 971 747 140 501 237 808 454 224 140 882 892 169 894 273 237 295 211 861 823 158 139 523 472 981 730 1 600 880 697 73 197 268 408 558 899 137 11 10 206 946 451 674 519 107 934 856 770 882 884 611 468 941 968 521 989 530 27 981 
193 86 768 764 886 478 744 176 84 83 538 788 725 700 650 135 985 981 26 70 698 680 447 70 558 101 520 495 241 386 309 296 934 9 305 650 916 413 293 549 423 150 733 394 477 951 163 53 159 147 643 232 37 336 812 790 939 635 470 508 4 541 996 61 547 415 548 18 133 655 621 310 509 972 202 313 104 228 87 484 462 834 239 786 445 520 929 539 591 210 272 975 801 334 467 394 236 886 23 109 
641 417 171 844 497 209 452 659 267 84 519 183 315 616 677 700 92 681 682 791 919 846 980 971 415 738 17 346 458 683 815 206 218 171 826 754 160 593 855 987 678 60 997 722 846 651 952 831 101 722 925 304 820 30 847 354 98 38 164 904 332 180 392 409 82 229 398 125 150 610 722 14 383 428 231 975 399 853 928 593 928 425 499 225 74 513 447 110 146 123 410 949 427 878 59 909 966 77 797 939 
695 526 874 510 959 195 927 697 399 916 938 637 411 957 103 955 281 872 367 421 125 401 926 343 348 793 332 627 425 448 363 766 784 20 876 712 514 34 961 148 982 623 539 823 895 143 65 28 812 209 501 167 379 707 934 770 586 407 394 475 831 674 171 171 364 551 792 307 1000 135 811 777 928 18 43 328 993 695 774 302 936 447 527 97 79 844 140 199 270 685 5 489 262 642 457 22 904 396 80 304 
299 771 191 12 975 337 729 602 975 998 305 813 152 289 302 304 775 695 14 893 874 377 228 257 22 656 813 402 405 191 138 842 687 365 229 225 103 571 282 894 733 358 675 878 833 313 352 860 350 955 855 371 0 297 900 492 593 356 454 944 387 164 762 624 438 339 935 413 879 268 883 443 653 823 174 447 542 54 185 734 186 604 69 245 670 848 59 354 353 591 369 562 572 283 476 674 667 191 339 510 
177 257 324 457 285 510 513 996 8 46 777 0 481 388 575 673 128 462 303 814 115 900 171 582 342 596 141 880 234 271 965 173 447 944 413 499 477 461 94 194 729 635 218 902 2 637 31 621 269 717 91 340 659 620 579 588 297 684 933 829 177 513 754 767 378 760 584 502 617 469 211 455 282 563 922 575 791 631 567 546 172 567 242 558 990 931 636 512 601 28 85 487 453 299 865 496 358 516 388 953 
26 522 326 842 256 209 976 216 405 902 463 359 845 94 16 406 330 737 214 70 247 261 438 977 224 655 913 354 991 530 678 554 58 587 479 341 827 521 976 864 449 990 963 863 260 303 81 788 690 691 510 210 637 189 149 757 183 20 386 827 419 277 206 680 459 800 498 53 654 154 639 149 737 189 52 396 504 774 480 820 424 649 485 597 573 860 409 329 502 270 668 227 412 656 51 726 609 170 524 401 
984 714 260 585 607 971 835 954 576 777 579 799 199 717 447 21 915 829 916 521 828 241 379 80 981 286 294 506 996 889 938 757 721 113 623 18 682 150 462 447 793 386 795 166 810 63 977 650 826 493 752 397 982 34 981 183 962 833 348 149 52 23 825 642 395 810 137 247 709 84 893 287 601 912 636 292 943 262 501 849 289 904 712 913 407 571 992 497 576 142 852 572 322 994 291 294 1000 382 567 621 
172 901 515 688 137 121 766 904 870 629 703 409 203 16 783 793 436 974 923 384 87 361 300 556 485 505 446 962 563 266 517 269 534 495 813 625 602 67 857 367 310 487 352 577 722 899 424 228 530 235 191 618 990 929 231 747 126 104 47 492 322 377 122 34 240 20 592 128 333 242 365 61 698 463 15 53 990 222 772 459 916 53 257 748 179 355 440 770 20 12 702 271 906 357 649 868 592 573 489 606 
844 992 176 596 693 330 756 6 550 262 667 472 61 120 844 150 590 698 158 635 499 486 497 26 207 103 907 951 663 103 841 203 926 144 260 868 387 746 508 57 961 106 556 406 942 692 9 690 187 218 758 302 559 266 963 531 342 391 847 708 683 285 412 25 535 175 307 653 230 814 124 792 901 324 145 213 796 573 642 193 478 662 57 168 169 529 848 769 27 308 291 630 295 451 265 888 616 439 186 321 
891 756 467 350 135 740 98 309 894 29 630 809 349 494 613 532 530 219 864 884 467 417 971 909 902 902 675 845 266 694 917 426 299 358 765 907 860 166 691 271 305 647 897 50 577 512 249 119 815 793 398 538 702 508 836 965 444 717 376 524 673 926 300 676 900 521 75 320 911 155 230 816 75 82 429 28 964 404 361 200 919 946 899 239 765 914 85 38 597 117 530 931 876 831 239 367 769 752 655 150 
687 200 489 460 372 162 203 727 216 616 673 927 798 289 591 577 531 589 335 310 442 585 412 637 990 318 827 242 27 562 815 889 957 386 169 141 827 710 814 313 715 605 663 844 585 779 290 941 43 782 735 84 420 278 58 178 596 691 517 954 365 225 857 320 765 888 7 438 768 270 202 798 941 343 980 660 974 136 106 11 800 138 903 95 739 221 693 618 850 515 804 864 440 626 821 38 75 521 700 385 
431 806 300 611 263 666 192 75 750 474 132 651 230 747 874 442 380 796 381 99 214 543 445 601 410 524 618 498 698 3 377 449 517 929 482 943 53 310 559 722 372 440 313 609 420 411 127 358 115 58 318 82 758 393 361 713 985 790 598 684 850 132 933 86 644 890 918 600 293 998 882 891 951 361 349 822 502 907 181 918 593 368 374 605 217 910 153 9 536 646 338 276 907 41 272 176 828 700 84 202 
170 344 307 71 663 834 457 915 687 361 828 447 901 566 744 430 809 879 128 310 531 45 97 83 632 214 739 162 761 61 513 415 48 975 837 146 140 171 519 351 601 720 60 397 882 648 868 296 370 214 396 519 932 238 609 508 264 670 858 470 888 608 619 258 447 566 515 483 139 232 218 139 191 883 979 315 255 755 684 122 857 294 247 394 691 867 54 362 117 365 388 977 117 710 395 476 506 742 985 991 
755 92 704 767 405 105 520 551 433 691 161 360 697 254 103 288 846 511 687 648 7 314 250 742 721 766 965 580 614 45 256 915 714 260 474 382 64 955 909 163 859 367 992 68 713 203 531 539 194 550 870 823 34 607 14 242 105 430 757 380 518 592 868 972 322 404 498 924 971 65 386 922 996 223 226 89 387 515 895 602 249 520 118 979 674 339 851 392 447 870 761 697 712 979 869 947 220 282 758 653 
771 458 181 542 44 822 889 999 186 956 402 168 525 763 534 995 890 850 443 893 269 40 391 642 51 826 790 242 815 467 561 663 532 368 326 584 342 741 205 953 590 832 375 897 530 37 700 580 261 696 305 276 912 521 151 100 61 82 405 518 341 827 825 85 762 822 296 489 65 83 712 9 851 537 421 375 299 80 741 251 83 718 720 791 968 449 789 945 53 495 473 396 238 7 19 923 131 22 966 893 
164 959 226 734 778 320 887 825 596 537 771 941 261 749 236 217 817 644 641 278 192 571 316 140 564 291 605 948 355 341 569 229 558 493 36 922 574 569 684 257 982 730 170 362 852 242 945 24 600 674 3 517 940 643 533 374 812 69 846 43 201 0 34 670 208 201 587 542 414 622 743 959 873 253 366 744 328 772 622 896 480 117 953 271 480 333 433 482 717 491 232 918 342 384 537 74 863 514 914 810 
495 644 87 13 68 159 994 725 208 590 297 354 743 1000 714 620 453 773 715 876 51 875 546 171 204 611 302 272 582 593 662 174 328 96 898 790 807 516 164 155 298 202 241 308 296 443 112 309 348 565 309 585 77 159 791 358 188 503 884 934 466 379 148 516 118 379 915 427 345 957 271 120 834 902 313 172 198 9 509 180 974 133 663 329 892 233 595 892 5 620 300 816 687 222 773 931 275 470 216 757 
644 312 926 446 41 104 560 549 797 542 523 901 88 841 10 910 544 919 115 864 67 430 13 140 560 229 416 649 31 657 433 707 500 914 255 65 705 865 397 26 183 960 675 801 480 892 280 565 380 657 12 423 793 552 408 905 106 992 345 482 902 135 760 853 574 452 127 888 556 338 935 755 483 567 655 799 839 560 431 490 83 202 496 197 798 213 565 700 865 470 221 48 107 630 718 635 933 421 617 301 
