35
25 100
293 151 695 521 636 12 909 506 984 353 13 964 978 60 67 8 616 939 170 699 327 62 227 843 986 909 783 514 16 233 459 685 541 839 340 12 830 508 982 370 80 11 343 8 837 786 190 445 980 773 630 602 1000 154 149 224 26 702 487 380 688 705 579 713 425 163 667 80 665 385 928 267 477 276 566 380 401 819 746 97 512 713 515 479 785 169 673 536 734 402 673 538 424 599 676 40 321 439 4 371 
60 360 501 712 483 432 154 687 456 173 339 368 310 16 476 930 266 917 528 204 411 819 180 32 549 984 308 862 934 372 697 654 214 224 295 848 885 405 308 846 283 656 458 784 370 647 6 264 376 837 242 667 657 903 497 402 305 725 527 529 188 280 327 663 615 771 871 688 514 443 517 1000 358 456 37 612 652 531 51 873 449 577 339 89 394 945 974 363 145 541 471 612 381 392 209 640 469 390 95 142 
856 490 343 714 485 873 112 604 993 737 740 692 981 53 975 153 913 493 809 988 432 305 256 878 294 922 115 246 140 168 243 332 210 42 149 710 893 536 934 306 616 153 535 477 784 292 490 936 352 489 163 354 770 785 609 491 775 878 909 848 580 647 129 66 503 723 488 758 0 943 820 89 135 787 319 513 561 999 873 617 960 407 876 725 152 409 961 663 44 861 337 868 35 535 898 290 199 262 832 630 
413 627 383 865 605 82 590 379 696 912 69 371 641 459 495 357 336 839 297 350 677 223 400 212 386 249 308 518 491 724 355 317 83 952 965 17 862 270 285 279 935 166 972 293 921 372 860 66 780 915 39 513 659 230 957 354 173 8 136 795 557 413 825 39 169 221 772 921 629 262 581 622 323 562 367 456 699 645 976 102 163 913 472 45 411 724 595 43 968 953 187 338 864 813 978 805 884 247 216 203 
703 627 226 498 486 18 383 399 695 865 631 528 775 353 202 101 775 778 658 15 951 698 623 571 899 101 488 950 806 849 980 167 1000 691 199 978 863 824 673 536 929 759 729 337 907 795 809 849 502 810 780 812 930 605 799 315 212 582 477 995 570 855 699 611 682 385 355 736 659 56 264 193 571 421 118 953 196 259 416 891 979 109 186 673 415 949 442 724 773 720 0 203 827 231 171 960 193 800 727 150 
10 335 353 925 823 537 209 560 631 563 317 781 353 414 84 912 445 323 756 114 870 285 450 855 701 866 981 672 515 992 377 815 523 631 127 36 179 96 784 147 656 612 493 594 939 118 525 175 396 688 816 683 636 172 541 990 158 567 330 542 659 369 145 217 458 258 310 880 854 277 177 52 793 339 630 804 431 46 652 742 579 154 524 729 785 856 703 662 338 791 837 323 758 234 242 322 374 785 953 781 
985 90 628 689 613 258 132 307 656 68 709 637 862 920 293 44 438 129 16 835 530 248 798 619 192 965 537 661 894 333 331 519 942 849 783 451 694 148 245 940 803 582 663 303 515 770 786 192 429 964 312 315 134 429 177 746 847 912 534 661 307 425 849 922 311 474 45 707 729 812 557 649 179 336 905 788 220 902 694 460 967 115 53 274 155 686 520 126 469 140 450 356 57 322 877 272 640 297 562 132 
20 930 916 913 510 742 889 357 199 719 704 647 42 983 6 169 947 93 673 353 475 130 98 641 648 442 799 5 380 792 635 766 430 307 919 428 230 858 243 654 680 238 738 586 855 111 828 385 79 67 942 863 231 105 629 429 57 816 247 93 939 861 762 366 409 766 27 53 799 218 782 27 909 497 72 108 812 152 726 219 308 64 608 111 555 399 422 150 665 392 808 486 13 408 774 883 947 872 91 675 
935 46 721 32 755 150 13 221 649 684 487 439 736 361 663 827 619 891 269 380 173 971 687 906 146 978 537 856 754 575 868 151 239 417 33 184 780 690 266 31 588 247 0 183 177 20 337 321 725 174 277 424 50 391 855 111 542 657 410 411 613 547 263 809 209 933 759 734 148 715 525 808 702 292 400 55 497 690 632 648 697 292 982 48 312 798 823 624 657 533 614 997 423 444 629 491 249 843 41 758 
361 136 530 251 875 343 246 133 487 326 75 508 803 846 986 817 709 277 93 659 631 244 848 587 576 555 2 877 371 557 581 133 146 463 521 403 341 895 519 806 692 225 23 537 608 983 567 676 278 121 540 338 780 773 683 655 790 299 388 857 626 331 729 360 758 132 321 879 605 172 563 635 702 87 539 828 634 69 639 763 764 205 716 341 823 604 807 465 153 481 673 325 540 308 745 492 534 580 976 626 
681 639 595 240 914 779 785 588 556 610 975 838 508 601 514 663 160 889 840 513 914 340 867 164 119 746 485 265 408 633 119 487 576 388 193 493 424 970 471 237 190 731 402 752 813 921 612 688 263 1 472 180 790 249 340 36 665 138 997 521 710 70 623 582 531 415 271 309 644 613 376 362 507 551 272 416 997 482 429 146 365 359 469 833 519 681 330 263 243 756 703 881 230 110 277 386 72 426 310 882 
564 322 428 503 344 178 413 876 780 346 582 940 406 634 592 537 444 508 4 77 925 430 615 88 119 100 780 456 252 487 120 816 746 369 122 99 255 126 396 210 66 292 263 773 924 469 590 843 546 756 346 589 210 835 662 664 418 666 6 948 748 311 579 209 561 939 938 237 651 464 625 23 894 890 885 171 105 475 158 388 329 46 26 313 949 898 25 207 150 75 841 27 86 644 85 354 7 712 96 940 
590 813 635 1000 707 357 518 775 820 975 895 375 679 435 359 303 915 920 758 559 304 770 994 97 52 362 61 797 190 295 853 471 290 38 962 108 647 695 831 157 542 969 185 242 202 312 776 955 683 264 229 623 518 548 596 796 293 36 583 672 966 91 218 550 21 971 990 740 76 999 462 656 632 379 506 483 669 592 761 481 389 367 140 844 779 690 115 714 986 234 289 207 272 215 627 879 226 988 489 268 
569 606 771 47 348 851 599 93 204 2 598 406 451 728 1 612 622 376 769 496 413 780 377 147 87 655 238 526 759 931 698 670 396 969 420 488 899 51 92 578 497 222 159 379 982 426 584 444 94 355 106 677 217 508 603 966 160 334 595 231 426 529 594 961 55 75 98 143 394 903 64 210 698 522 665 384 709 755 956 327 317 402 910 328 326 947 391 306 354 535 198 547 416 537 79 82 173 247 406 417 
482 846 384 308 763 274 176 439 380 673 730 550 955 688 31 935 29 659 736 366 525 953 526 402 709 56 833 434 972 294 568 106 816 742 440 187 809 696 670 480 912 58 535 264 264 364 513 665 770 424 63 761 529 535 914 180 916 760 964 96 439 196 391 104 813 677 104 821 24 69 305 915 127 339 255 584 407 733 693 876 936 47 783 498 333 515 864 406 918 384 971 524 71 114 250 952 850 587 304 630 
877 454 530 88 502 597 355 374 367 362 841 692 987 733 780 945 79 62 305 560 561 315 920 701 971 292 987 563 614 331 558 880 698 343 590 324 993 120 700 214 612 730 294 420 999 57 241 343 762 652 333 421 537 645 240 673 976 149 779 217 659 864 613 427 688 996 937 389 266 965 928 770 973 62 403 149 291 596 29 780 82 73 181 548 588 266 127 334 85 134 289 486 33 750 374 239 62 619 52 968 
525 294 84 429 900 365 250 825 137 74 736 767 209 995 923 582 354 746 758 538 523 469 387 991 331 105 634 37 115 236 201 857 683 305 471 429 99 473 443 613 869 249 279 637 204 458 533 768 272 678 871 937 771 626 522 827 16 722 819 555 371 865 142 763 181 330 532 356 83 582 407 223 792 265 181 249 454 855 605 251 231 83 63 72 821 614 759 678 113 549 302 88 30 916 259 698 849 275 841 483 
195 900 544 140 103 536 415 303 168 5 645 0 694 231 268 772 389 867 348 647 620 981 902 31 794 911 241 464 874 915 670 830 724 619 513 450 380 240 24 994 947 496 301 753 61 789 495 209 873 99 725 973 201 980 814 379 922 428 373 383 402 977 150 527 427 73 438 278 41 538 445 714 961 227 378 963 604 969 444 26 216 691 892 602 841 518 619 271 166 242 566 224 147 816 314 587 599 188 905 976 
624 624 73 726 727 958 971 458 874 958 631 898 194 889 231 289 440 927 536 991 25 386 630 299 428 540 243 529 44 916 309 56 693 500 316 173 988 769 410 705 364 446 950 417 342 583 107 584 597 747 757 121 848 333 47 483 751 78 27 471 927 543 122 253 714 49 815 46 432 997 792 587 781 624 279 984 16 882 341 123 244 567 254 656 766 597 914 739 296 275 70 393 10 637 496 334 720 474 411 359 
649 346 294 999 150 716 858 438 132 237 298 204 62 996 31 87 244 887 285 124 206 558 699 607 200 580 432 743 315 640 897 391 236 69 604 839 548 740 21 993 759 628 531 583 369 450 818 759 432 938 661 827 746 13 268 134 218 289 748 251 247 449 894 157 787 49 743 464 993 244 474 105 516 299 758 252 687 228 6 846 949 262 757 596 170 946 340 939 130 932 370 97 559 611 301 789 201 362 688 916 
290 649 848 522 47 916 286 232 985 502 440 590 107 370 542 185 65 354 613 370 654 825 3 869 430 58 187 780 907 586 856 436 714 303 667 521 422 914 907 44 979 840 880 689 235 831 571 96 272 193 305 247 644 953 955 249 185 208 91 83 189 536 149 340 905 572 321 706 961 343 944 272 349 485 374 234 327 539 392 318 492 346 593 477 828 112 494 149 137 483 134 641 184 751 25 617 664 186 863 360 
771 533 215 576 172 614 865 698 52 988 819 897 309 329 533 82 975 303 757 273 293 605 463 637 965 357 878 142 416 134 705 423 119 353 926 157 444 820 374 324 759 489 586 74 688 310 642 401 372 736 568 250 861 634 487 113 136 337 372 917 515 953 773 96 733 632 206 939 773 404 789 29 536 496 549 898 884 607 197 647 80 63 63 127 427 281 201 866 380 297 34 832 961 752 105 102 971 457 276 43 
596 857 558 335 891 495 25 397 491 171 1 884 439 879 672 1000 128 838 214 171 769 59 607 37 953 658 250 452 136 22 396 793 752 424 606 987 845 333 377 997 437 742 662 741 520 521 535 918 262 538 605 463 968 770 600 823 395 557 432 750 49 77 68 426 568 408 614 831 537 143 213 246 618 886 759 38 135 874 27 656 262 249 89 108 682 248 551 566 841 930 531 372 308 604 299 206 67 497 560 349 
713 565 871 791 504 597 132 545 717 882 949 494 205 568 934 898 88 855 533 792 948 356 917 978 119 33 488 138 438 489 948 216 74 436 438 809 928 388 527 512 324 319 563 857 741 789 819 892 143 22 282 204 221 633 942 842 533 2 66 782 476 116 835 960 217 859 606 377 206 887 904 80 176 531 446 686 985 219 941 379 224 692 88 835 269 990 509 552 740 485 909 762 432 868 489 916 567 836 479 896 
492 317 366 585 847 677 922 646 817 608 145 140 152 743 86 771 401 175 266 212 669 332 936 30 969 179 649 107 513 210 98 780 561 657 610 844 793 842 402 718 756 658 75 178 166 77 820 114 902 591 908 786 604 333 829 448 932 983 901 115 123 980 529 117 134 915 759 268 581 476 636 322 329 338 45 416 420 659 255 153 553 830 36 736 966 864 956 631 685 554 105 101 132 546 477 787 449 507 983 114 
