5
25 100
872 675 851 255 141 681 357 34 342 712 957 645 380 430 577 42 780 236 101 417 948 572 43 351 351 81 222 640 31 756 934 176 926 532 856 644 883 268 549 410 496 585 282 975 764 969 124 555 858 400 232 75 650 553 201 458 874 364 284 750 951 129 209 985 467 705 336 291 268 708 207 900 99 366 157 935 393 315 585 350 988 433 271 788 20 123 8 974 634 868 598 396 827 896 620 504 284 195 236 875 
761 358 303 580 436 488 891 119 574 803 849 477 933 116 781 434 858 558 146 100 8 399 897 275 226 502 858 986 362 816 221 939 191 429 448 491 824 123 229 939 997 407 608 602 564 214 367 213 536 673 140 897 772 974 993 366 279 954 493 692 921 460 600 721 837 87 435 367 620 135 642 531 509 206 346 311 360 313 180 369 320 547 106 564 30 700 255 588 872 97 840 520 582 563 420 271 396 834 797 321 
460 484 244 733 907 213 261 934 90 233 263 417 328 732 905 156 126 758 295 438 771 707 259 193 762 515 15 843 223 491 479 149 481 99 237 722 648 681 837 114 31 211 928 419 717 172 324 526 525 731 743 167 87 957 118 565 90 375 30 385 63 784 145 798 291 700 578 977 967 278 835 609 720 550 595 872 796 648 800 619 747 867 948 435 152 706 651 328 347 88 4 302 689 116 343 551 628 952 395 162 
776 263 605 582 674 872 917 225 594 564 731 242 901 819 971 999 542 227 994 729 979 549 478 827 214 466 519 862 729 923 735 399 521 464 364 97 836 394 896 738 794 879 584 146 790 924 34 346 886 661 938 689 239 988 337 15 837 745 262 120 268 624 650 774 234 849 243 661 347 48 610 631 204 737 87 795 707 437 886 764 585 451 650 37 202 308 797 957 297 881 15 4 411 351 262 231 78 655 227 776 
979 744 838 273 382 527 972 656 246 5 964 610 471 222 49 702 594 123 771 245 412 858 91 731 22 783 960 790 441 363 67 589 113 708 127 363 939 879 951 844 691 341 816 132 924 830 21 626 384 888 743 860 443 713 103 12 975 663 104 335 188 16 954 62 752 713 814 364 939 307 537 285 724 658 819 426 894 6 408 32 492 275 229 614 293 489 829 627 782 776 968 860 137 642 766 299 72 235 764 124 
133 359 596 434 314 927 948 136 974 50 13 165 54 144 938 257 648 807 802 509 373 504 19 520 61 602 375 217 64 906 476 612 24 207 853 404 519 739 820 593 58 696 31 551 588 268 255 155 499 852 346 162 221 339 822 909 874 251 715 627 446 804 793 622 602 362 761 137 213 319 828 117 537 167 681 852 533 721 44 66 456 876 126 774 788 937 144 757 725 49 786 506 232 418 807 796 67 396 548 297 
382 294 901 492 797 72 12 772 551 939 623 864 223 948 37 477 662 764 950 773 333 927 190 305 62 395 570 457 785 913 352 242 930 53 129 986 254 57 776 142 901 667 755 740 368 34 522 854 1000 74 221 33 940 403 799 954 782 827 918 274 893 396 227 23 139 714 336 343 158 575 186 277 217 359 806 458 291 208 127 755 483 292 547 692 261 904 635 637 30 116 661 534 346 471 166 590 981 576 676 913 
138 886 377 846 13 389 347 723 296 670 371 5 287 242 333 74 827 710 320 527 483 797 933 796 890 628 37 1000 880 461 819 59 838 161 880 733 749 275 106 913 201 892 798 39 119 523 684 192 432 284 15 447 331 208 174 122 990 515 903 232 299 111 459 236 587 18 228 706 759 679 733 89 708 869 983 842 446 65 603 326 828 21 862 443 820 956 840 280 867 332 780 272 29 923 458 802 347 918 779 849 
166 101 574 593 757 198 679 259 358 732 493 411 297 410 344 929 707 558 777 477 66 419 942 493 322 725 53 675 223 518 18 816 129 490 747 436 361 360 228 568 460 259 888 452 958 481 440 488 385 605 442 8 51 79 862 307 429 444 901 871 559 11 251 628 811 774 500 676 951 981 212 935 346 725 728 622 996 332 769 829 448 931 639 10 447 718 513 82 205 33 432 42 692 157 240 151 523 485 807 926 
328 264 912 941 947 845 363 559 369 915 398 272 416 467 468 4 391 858 833 949 600 175 353 323 965 756 56 874 428 161 836 773 153 956 764 348 41 826 151 58 721 212 198 524 493 180 910 383 156 212 759 182 218 496 117 624 281 687 941 180 670 649 723 897 759 46 202 734 997 15 384 108 664 852 719 466 427 724 139 576 62 74 508 146 649 837 297 89 989 73 115 369 482 358 986 572 333 697 492 398 
75 557 455 753 342 32 513 13 492 768 264 199 602 910 119 82 1000 354 183 505 9 983 284 275 868 548 859 992 888 93 497 305 145 256 746 779 231 346 115 940 298 31 110 975 630 542 48 125 326 332 235 636 87 632 335 9 241 283 173 306 840 691 561 98 683 952 494 249 23 262 577 280 770 957 721 545 184 542 868 431 369 283 458 787 349 870 750 723 95 636 956 476 202 157 10 900 579 637 478 884 
886 359 75 238 408 79 829 742 165 761 46 614 933 81 648 170 115 272 559 848 432 654 415 709 515 147 29 639 881 413 827 936 93 420 177 729 791 460 514 950 595 250 855 422 675 342 331 973 844 813 870 212 75 602 791 799 156 926 199 159 457 791 873 271 25 811 724 690 529 814 415 996 969 744 789 322 152 417 679 887 64 948 437 902 992 193 433 273 445 416 756 684 841 757 395 278 542 973 209 126 
611 394 74 882 873 798 485 163 267 203 77 687 209 266 890 121 632 776 452 429 708 151 318 895 4 148 872 670 484 310 29 397 97 96 942 951 738 226 842 363 895 924 640 3 219 955 789 521 834 305 70 485 656 522 135 8 432 926 286 486 556 701 301 317 539 790 256 854 834 34 807 637 325 645 377 36 481 960 674 462 219 274 994 829 777 596 463 872 896 395 258 767 193 277 378 282 926 483 194 618 
428 56 528 178 247 313 786 306 551 802 509 404 940 321 186 156 529 446 736 165 795 361 500 419 573 196 441 451 624 871 261 542 505 786 835 165 858 444 239 411 374 431 553 837 175 925 637 890 497 702 421 304 326 308 990 843 991 530 681 611 281 652 245 482 355 248 459 950 967 24 814 588 259 226 149 865 132 774 228 726 916 138 784 934 339 527 17 640 819 707 196 346 491 445 273 514 201 143 61 36 
228 524 840 107 148 963 88 277 453 85 319 847 789 312 455 832 791 707 183 894 686 283 575 295 543 390 585 646 360 808 139 74 968 415 376 720 365 391 435 208 803 95 478 416 233 483 860 40 474 297 720 210 433 589 241 713 728 960 44 852 513 754 581 751 250 872 653 520 502 480 324 370 223 459 64 656 658 681 11 53 54 928 273 162 189 886 674 497 836 886 840 139 34 398 545 279 475 108 700 696 
432 485 192 874 332 888 175 737 379 626 519 227 376 113 880 581 537 992 25 592 375 21 75 55 912 318 851 936 370 895 679 906 97 254 395 257 236 695 747 85 371 959 141 740 147 572 844 333 727 535 79 872 317 711 706 33 325 255 390 429 448 237 177 73 578 615 768 72 381 227 479 950 242 893 331 650 581 965 903 243 696 48 24 338 526 762 368 878 705 382 844 956 117 221 487 287 149 349 531 638 
753 532 120 826 446 266 800 832 67 553 709 200 169 482 324 502 842 961 394 50 515 421 358 277 4 702 229 157 361 938 632 9 711 461 225 333 235 741 226 36 395 905 772 355 210 737 771 983 870 438 573 581 675 37 575 143 268 349 379 497 407 681 725 365 381 791 614 595 123 591 910 395 706 220 400 397 786 183 82 419 982 913 850 264 393 805 543 652 957 915 981 346 217 718 265 756 977 473 411 809 
247 127 499 452 838 965 97 247 717 222 396 943 919 457 173 559 492 975 929 318 837 328 265 404 779 446 396 769 462 392 511 653 658 640 208 547 32 975 639 566 597 658 933 315 793 464 886 37 125 617 704 675 223 742 437 635 81 436 204 401 417 516 513 877 437 366 305 545 78 438 325 185 38 792 835 978 997 90 305 409 992 991 746 998 836 462 576 171 523 15 8 88 98 342 145 288 539 51 605 743 
102 307 666 867 324 308 316 830 530 523 235 972 146 971 800 485 427 391 170 470 588 570 24 218 75 477 72 64 710 478 497 470 979 79 142 7 598 43 359 236 949 349 119 715 142 126 15 720 19 659 69 574 256 622 441 965 597 346 284 855 626 362 694 895 234 254 883 524 693 152 538 15 156 114 512 147 263 611 231 947 782 477 302 154 134 954 719 532 514 955 738 816 756 431 878 806 948 681 530 59 
819 808 602 827 249 726 921 891 204 542 121 593 418 437 292 745 823 914 230 695 972 208 23 223 18 333 293 352 71 580 147 319 812 831 485 711 325 481 981 444 524 828 141 114 142 636 692 648 12 176 991 531 455 178 387 424 432 349 38 773 990 362 937 131 659 882 937 267 922 97 210 722 530 207 860 321 819 235 714 862 670 780 644 964 60 730 913 124 756 801 150 389 853 552 251 82 976 580 983 83 
694 957 36 530 883 62 581 547 600 492 409 599 398 142 468 392 518 43 933 944 225 732 909 974 3 838 427 968 310 267 630 669 739 117 878 301 677 229 110 369 545 545 583 996 722 590 444 871 1 396 83 859 956 633 803 977 509 408 736 463 751 486 854 182 983 753 993 42 83 67 382 679 336 977 168 96 941 574 173 261 148 178 134 335 982 756 982 621 2 612 412 42 241 545 36 614 913 732 387 698 
172 873 477 471 176 186 436 101 979 939 551 589 302 862 472 538 237 250 983 226 368 447 846 323 907 718 854 518 616 470 330 532 776 476 323 991 433 299 791 793 912 393 804 163 471 257 691 906 691 480 128 353 185 286 443 264 575 300 520 570 476 139 808 141 776 119 98 267 188 447 867 911 513 508 742 184 778 295 708 430 194 237 195 989 302 709 924 353 185 742 994 45 799 671 955 417 775 735 854 379 
580 995 2 447 490 960 543 80 867 623 241 519 372 871 46 480 603 997 234 631 516 62 59 161 525 277 672 380 454 873 183 892 497 345 968 716 742 773 146 144 997 541 287 528 227 37 149 580 591 594 893 411 483 323 974 125 201 235 73 311 649 982 631 468 911 564 375 787 25 225 159 454 619 587 773 901 990 949 320 998 41 23 936 39 204 774 984 834 430 687 804 413 5 991 631 143 184 387 110 797 
629 334 573 49 425 853 971 306 836 554 636 158 450 955 992 185 692 736 258 841 265 38 226 857 419 476 792 53 71 639 546 138 958 800 278 426 324 147 147 125 801 571 260 871 630 477 995 839 78 137 826 674 299 45 244 378 645 915 279 805 396 880 392 838 43 953 94 114 437 590 300 323 828 931 161 52 863 287 437 961 8 635 504 963 240 877 14 614 372 190 820 833 414 861 266 298 166 231 288 420 
204 777 525 589 429 270 941 432 132 329 958 816 365 15 36 790 184 281 475 412 696 733 667 696 305 747 222 320 993 709 747 65 470 925 645 894 334 768 651 116 711 421 902 880 451 262 818 621 66 510 228 134 799 403 704 426 423 941 8 289 147 92 381 478 826 263 378 674 494 259 520 364 577 599 894 666 558 275 438 228 111 839 961 202 501 983 370 456 348 416 246 967 927 702 121 483 270 336 402 98 
