20
25 100
591 305 276 644 645 894 781 83 22 194 37 455 690 354 447 834 916 749 105 62 811 90 463 782 415 119 525 32 400 20 28 172 141 417 878 745 208 950 403 364 59 287 254 468 1 150 9 433 38 292 652 378 362 968 120 365 402 326 238 119 825 358 884 726 819 525 875 848 505 356 287 1000 995 23 29 275 611 292 106 987 162 467 11 627 336 85 158 90 713 385 647 531 13 458 984 930 19 646 405 277 
339 320 985 131 342 317 196 631 476 52 65 378 520 948 410 481 491 313 754 114 501 473 871 904 504 878 326 67 748 26 724 986 384 726 294 109 62 552 159 694 787 565 595 579 541 66 421 546 479 953 656 5 412 357 700 432 587 426 29 32 916 39 832 595 721 746 143 562 293 408 533 28 1000 199 202 239 505 410 826 621 466 564 631 609 105 512 491 920 461 22 464 7 908 946 679 974 166 760 957 408 
696 662 435 930 775 484 792 205 70 688 674 789 736 729 987 271 211 312 263 516 255 463 579 964 647 196 934 580 122 860 902 788 271 773 861 385 699 55 937 853 360 311 977 390 461 120 513 567 964 904 905 719 526 151 783 201 152 35 409 899 864 440 801 934 144 819 375 945 175 341 868 488 90 732 52 726 275 561 375 156 964 766 38 24 343 362 1 79 645 987 304 314 759 989 623 436 566 971 373 730 
744 926 180 155 741 671 394 397 641 804 550 552 179 328 839 328 960 272 477 96 817 361 643 335 991 138 940 605 534 209 749 720 786 834 853 546 97 448 211 467 783 648 168 341 501 807 872 236 516 817 748 323 977 999 706 84 94 599 963 888 296 101 180 735 494 982 986 335 260 821 402 848 865 195 203 564 84 744 355 865 159 389 364 778 821 166 719 813 409 510 201 454 768 411 2 667 832 369 664 141 
46 371 128 625 185 670 270 807 862 760 135 207 474 923 216 899 474 246 840 945 20 622 39 390 632 640 572 262 461 557 313 325 765 891 941 181 217 146 942 223 777 111 366 826 748 284 391 507 950 131 625 7 823 775 425 83 717 886 988 708 541 256 622 601 714 52 146 930 944 562 95 254 445 942 101 31 101 641 10 58 164 151 699 236 903 609 991 559 901 534 709 945 881 439 364 273 52 520 361 3 
429 86 219 137 348 199 638 925 802 858 551 159 933 312 186 416 58 180 150 79 338 522 820 943 594 996 462 716 255 240 394 681 464 590 821 231 740 58 529 267 14 555 145 716 747 911 713 699 128 43 40 372 73 212 172 701 531 773 748 471 860 299 612 349 30 852 164 949 573 896 920 40 732 459 522 842 116 628 367 171 244 415 1000 207 665 500 499 999 42 824 847 117 902 445 132 591 759 580 7 955 
859 796 79 15 396 557 393 380 803 524 555 209 575 841 769 185 900 105 144 690 758 340 377 953 94 709 580 332 993 576 869 90 368 340 693 194 234 154 271 666 871 608 965 430 901 109 264 605 622 545 245 62 943 654 913 625 262 585 390 775 919 90 844 409 526 24 40 165 228 734 776 68 687 904 764 919 300 252 590 503 692 749 701 541 412 515 496 906 743 940 108 818 667 499 787 883 234 838 770 908 
645 80 229 489 461 851 76 445 648 879 342 321 778 217 376 886 825 626 710 613 351 989 940 631 236 48 142 47 594 292 202 227 263 699 158 711 778 725 99 47 686 748 802 574 630 81 323 497 314 463 623 787 714 139 169 634 898 753 216 231 787 538 308 188 493 717 929 914 566 351 976 180 650 633 951 351 427 608 257 976 61 90 242 302 32 922 372 499 853 989 664 112 843 62 886 234 104 733 200 277 
755 95 114 867 19 691 195 561 389 603 447 691 803 86 51 268 713 382 704 841 869 694 762 731 74 793 823 160 132 354 845 540 271 852 748 630 900 713 446 151 707 933 145 836 465 501 15 648 631 759 372 512 821 293 676 883 32 49 999 14 133 642 805 260 22 872 243 402 926 939 510 353 403 525 572 484 966 882 865 921 145 500 936 473 755 342 590 15 180 263 901 506 719 825 220 422 291 344 90 427 
2 68 666 329 733 230 162 982 702 633 382 281 494 963 790 997 933 722 148 151 384 239 730 402 786 723 722 456 934 23 977 393 294 439 138 960 421 887 569 270 287 368 358 658 940 494 590 582 337 133 269 7 537 515 449 876 935 157 686 167 629 555 19 82 798 264 185 128 928 293 98 796 35 529 776 936 843 519 803 488 529 130 421 577 168 411 507 812 610 735 794 141 765 118 308 786 53 963 847 816 
230 845 980 93 86 426 490 662 926 272 863 984 503 940 717 534 471 135 64 43 802 304 219 448 562 260 600 374 683 751 446 368 266 579 137 830 206 822 530 750 841 897 399 192 622 325 170 445 106 939 564 742 739 363 634 838 667 160 474 3 340 667 68 474 190 940 3 457 132 282 640 911 774 911 334 986 57 441 808 190 894 299 36 684 810 410 670 630 747 536 397 454 512 787 699 412 362 604 103 54 
635 14 680 348 534 12 581 8 237 688 203 670 203 686 784 666 479 121 776 912 242 638 110 564 298 562 744 699 374 211 746 688 59 973 939 165 298 384 834 754 225 303 957 676 196 802 136 469 767 478 790 803 648 282 481 386 900 106 820 918 206 285 179 362 15 879 609 806 843 421 757 639 81 825 996 338 708 944 204 259 618 688 915 547 563 145 139 976 221 582 486 55 994 231 591 143 992 302 999 229 
977 224 972 464 274 820 304 510 372 131 462 960 96 619 760 612 426 196 94 817 634 172 792 179 561 970 117 429 570 124 417 703 586 960 153 604 302 873 571 248 608 591 827 266 353 355 122 646 358 510 795 816 402 198 988 978 629 571 160 729 109 25 624 274 647 240 214 491 314 167 747 147 547 642 664 700 911 565 221 749 269 835 141 353 514 241 281 137 676 802 829 852 353 685 262 503 880 59 838 855 
847 302 888 562 540 855 423 630 170 262 613 316 526 794 944 530 831 802 474 493 911 828 253 272 225 826 600 770 780 281 704 657 989 419 234 957 331 559 755 586 497 801 146 266 95 373 484 839 728 695 481 399 805 556 929 89 63 47 791 952 855 481 813 307 269 921 937 648 675 478 459 920 907 38 883 619 447 156 889 539 496 648 322 790 874 322 814 749 150 477 898 525 267 132 980 525 654 987 904 895 
183 853 188 703 785 488 456 809 273 674 654 729 712 847 975 962 599 59 906 599 570 675 335 69 21 57 442 586 740 623 778 364 188 214 804 774 560 864 30 555 860 334 786 36 894 573 445 887 423 24 384 329 486 484 221 700 481 86 57 293 26 996 597 585 956 79 404 403 61 114 789 615 641 445 125 472 455 41 364 980 319 379 622 43 90 725 237 982 723 178 674 514 130 569 799 988 616 171 136 674 
72 500 742 562 383 284 676 795 636 535 265 894 760 734 543 642 513 517 860 351 539 720 775 622 401 782 592 625 314 82 249 592 509 909 114 35 624 553 610 708 703 58 542 577 198 319 104 860 296 795 491 847 268 501 610 156 157 199 290 134 763 88 294 387 794 446 88 245 144 209 846 957 675 46 565 916 33 912 290 993 180 527 473 481 695 783 846 938 335 777 606 413 556 937 374 598 811 759 424 403 
921 364 180 373 530 452 633 794 376 15 857 352 50 739 120 659 933 544 750 270 29 942 347 502 312 446 861 18 507 621 506 84 219 74 692 872 561 202 916 872 428 367 547 568 193 120 851 732 383 513 240 244 64 889 63 88 947 474 29 261 273 690 273 79 918 553 788 867 127 373 89 170 901 104 713 113 227 390 716 125 341 635 228 991 521 430 496 488 531 799 67 128 353 844 837 247 922 389 160 668 
174 302 997 38 346 246 341 725 625 769 164 273 658 618 589 224 409 141 119 396 28 950 613 895 676 265 589 972 578 924 29 920 257 984 112 505 485 466 369 852 817 930 758 804 384 273 936 846 708 690 559 617 531 958 359 659 78 832 971 568 390 360 816 213 646 444 725 747 518 90 56 694 201 991 646 736 431 820 737 123 873 822 853 343 374 660 983 540 934 608 665 206 599 579 458 979 881 62 444 685 
850 387 706 758 302 23 461 83 320 45 322 283 694 311 501 22 483 813 90 603 450 430 222 342 426 613 224 970 31 406 868 519 647 416 583 407 350 574 350 973 515 100 662 962 559 615 501 925 852 420 175 692 290 545 47 327 991 252 145 522 40 830 145 429 961 986 376 872 563 969 544 25 463 833 313 673 907 971 324 910 489 436 799 874 867 586 148 918 903 842 540 102 758 253 826 433 447 319 839 1 
629 231 793 374 515 842 324 372 916 261 818 724 843 96 37 99 500 997 508 757 673 823 173 558 6 731 255 6 968 164 75 12 355 261 964 123 889 174 422 877 285 5 319 316 366 255 695 63 191 71 473 37 83 9 825 169 431 626 858 276 392 356 228 468 634 432 256 974 30 763 381 481 673 826 438 393 685 5 377 16 820 10 243 882 4 362 572 179 137 20 100 801 152 256 972 205 811 172 565 554 
209 401 300 749 737 330 823 788 635 365 879 864 839 685 524 678 142 658 337 334 600 178 828 715 986 750 36 424 793 132 33 226 2 940 589 621 320 488 381 913 525 294 97 66 364 811 949 324 151 887 684 232 923 262 808 321 769 848 638 209 776 771 668 805 763 860 572 98 146 558 394 397 371 862 223 752 52 901 13 136 267 152 907 278 917 742 61 928 579 6 544 676 357 355 47 336 758 599 97 591 
956 470 199 131 240 322 54 613 532 334 493 477 165 966 885 580 678 348 596 629 205 7 557 239 957 169 911 869 907 711 960 505 720 305 193 551 344 110 46 290 149 119 14 879 520 341 206 438 381 561 870 803 725 586 188 535 816 416 456 518 409 577 569 257 436 639 244 906 551 383 715 311 17 236 824 772 928 900 655 937 634 616 72 509 601 282 390 872 930 17 488 918 617 476 6 361 817 96 97 856 
454 982 619 953 553 736 427 687 426 187 996 685 147 975 724 34 60 562 612 814 580 930 613 462 878 30 812 981 657 758 539 415 814 312 551 953 344 240 539 316 202 619 290 811 849 805 683 888 930 39 280 271 604 396 366 559 769 958 415 486 766 721 516 455 441 45 13 257 755 875 458 31 748 649 922 324 684 571 598 122 638 770 37 305 912 893 408 359 200 764 799 897 240 52 982 974 619 225 266 730 
906 914 769 434 728 278 195 140 390 723 925 339 900 651 781 186 98 856 765 832 928 736 853 153 354 508 816 525 666 592 423 229 108 264 336 479 482 638 215 1000 518 458 140 13 538 196 225 139 267 380 523 311 788 35 661 243 845 671 164 987 279 242 684 14 492 471 808 955 617 121 495 421 376 98 195 73 783 806 209 768 933 921 6 528 31 542 607 89 509 635 803 116 298 615 212 209 529 195 389 724 
915 437 906 350 185 713 946 436 607 208 66 167 232 352 671 999 292 729 633 992 143 140 735 504 384 91 328 23 100 149 865 720 771 526 126 789 769 216 686 376 321 713 363 506 856 57 244 248 979 257 65 670 256 966 835 499 102 184 80 374 711 517 391 805 542 424 815 74 373 944 113 534 441 36 924 572 926 68 492 366 978 614 97 285 304 152 809 903 539 407 591 903 378 507 237 817 78 377 390 380 
