5
25 60
806 419 508 194 881 332 753 438 866 342 466 959 472 109 25 221 698 924 985 787 905 256 185 5 202 937 788 637 819 255 58 248 434 219 380 713 343 280 994 18 248 702 581 433 536 810 172 881 452 243 622 871 870 971 915 384 115 220 569 832 
818 523 806 811 198 40 688 420 881 659 466 492 624 20 827 61 515 454 778 194 130 204 338 319 382 713 407 182 710 79 694 559 441 198 331 217 391 195 104 405 241 140 227 198 762 765 215 250 249 497 29 391 622 68 398 470 920 808 734 185 
523 749 502 633 172 692 300 442 589 802 990 646 639 416 396 627 862 473 338 449 516 931 804 690 769 671 988 177 396 229 886 853 825 96 190 669 552 26 4 23 915 218 820 280 804 685 760 503 235 184 594 722 706 817 326 926 168 224 144 757 
636 289 918 911 879 194 239 170 443 358 373 41 202 238 327 869 535 170 421 98 23 344 112 230 539 922 556 518 895 923 659 311 248 477 865 583 469 818 683 78 946 795 83 823 493 148 613 28 475 812 419 82 784 805 502 1000 296 179 34 503 
820 196 387 183 175 320 634 911 925 463 434 155 463 377 877 253 834 251 604 857 719 131 19 527 602 131 396 374 133 980 772 56 685 60 793 310 407 863 4 846 206 165 411 427 424 511 157 84 839 438 509 378 711 911 838 708 516 365 787 81 
795 417 412 977 535 379 253 437 596 60 924 402 59 437 909 599 289 64 508 85 129 723 495 357 328 740 78 838 620 730 674 683 394 593 289 407 124 261 188 340 870 895 765 25 389 558 152 764 715 64 224 157 172 624 275 874 513 600 949 448 
144 148 439 408 303 978 380 664 606 666 168 903 808 421 31 161 102 917 497 906 770 963 313 503 554 506 625 763 943 484 25 740 572 723 679 793 586 422 931 219 635 458 746 783 152 914 867 436 137 124 625 68 19 858 155 154 707 202 445 853 
572 653 406 98 14 880 607 193 797 532 307 120 994 77 797 30 306 298 995 305 677 213 300 241 950 948 456 869 172 528 239 864 44 865 379 619 517 910 786 67 745 803 10 598 245 692 895 640 105 261 366 259 514 617 386 544 645 649 601 388 
320 487 517 902 832 25 551 805 109 264 948 271 187 51 684 220 575 2 366 23 957 483 76 193 457 2 614 389 84 313 76 734 799 974 762 10 468 727 884 749 760 347 67 429 891 159 420 74 863 164 681 793 548 688 542 45 107 211 668 336 
718 340 410 748 955 585 440 14 891 522 165 904 731 748 924 791 397 407 375 267 379 805 190 923 955 325 510 99 387 72 523 179 914 521 881 749 966 370 228 199 689 975 681 193 739 687 747 925 1 608 932 565 917 562 184 853 891 794 792 615 
569 82 726 78 186 858 602 442 604 203 848 66 262 525 900 354 733 66 532 770 528 363 70 575 950 321 649 894 367 46 651 618 875 482 185 129 339 538 350 289 500 501 801 665 158 98 92 555 621 961 106 754 132 450 359 93 545 570 287 446 
206 137 471 390 257 737 737 11 400 682 307 458 635 158 950 298 839 203 299 370 208 457 735 976 159 771 125 11 700 969 5 887 646 163 986 824 774 617 386 323 942 430 71 348 211 547 754 483 843 342 683 134 565 651 322 33 947 188 409 390 
947 919 637 650 89 577 698 553 133 417 147 42 204 12 733 553 46 955 360 726 336 671 286 448 113 991 359 659 644 744 230 382 172 977 146 712 873 395 238 334 780 519 111 27 281 663 660 638 884 772 69 861 312 769 600 906 176 66 35 994 
979 360 975 701 518 415 135 677 204 638 976 183 920 744 976 692 49 620 184 970 701 310 235 973 26 415 196 740 797 369 268 287 904 543 311 534 748 639 988 815 64 672 518 415 952 654 226 118 363 364 925 409 841 70 246 198 658 881 642 26 
589 848 908 456 885 656 171 553 317 218 917 75 537 278 431 632 444 739 718 429 905 581 6 55 145 827 829 0 370 147 653 960 705 303 29 488 689 297 653 66 27 219 720 949 381 152 765 907 802 307 69 300 413 843 192 56 30 66 343 47 
444 543 892 62 823 832 516 618 124 461 567 903 196 310 81 995 982 57 400 672 744 205 592 294 376 512 930 458 421 540 431 512 144 35 134 225 409 937 573 262 475 383 24 706 404 753 783 816 353 689 227 808 367 33 663 826 150 994 206 641 
677 399 975 769 919 281 294 215 299 807 710 536 861 977 359 304 540 190 527 188 791 131 194 230 971 256 143 439 456 300 160 76 963 512 886 510 872 790 840 146 226 226 688 274 144 920 318 207 841 228 473 754 947 19 225 921 984 973 572 277 
629 629 423 969 374 802 210 888 768 778 15 120 872 40 818 616 628 17 163 195 999 172 223 616 758 953 205 153 96 220 768 509 981 642 904 988 158 708 974 167 620 768 387 913 535 889 598 455 420 404 837 959 521 84 155 414 504 155 570 385 
801 321 662 720 490 732 105 245 323 623 237 541 129 356 563 225 242 850 115 445 640 362 732 785 915 915 57 254 489 120 588 475 449 739 64 715 769 188 480 1000 891 384 393 88 448 112 262 107 139 390 569 960 847 407 839 495 352 726 19 21 
76 435 100 967 189 303 669 505 512 745 726 44 466 251 301 920 269 145 493 840 649 564 68 721 359 485 245 113 975 419 196 518 258 72 247 0 203 781 394 344 467 505 456 247 527 873 225 842 540 266 302 816 834 876 786 150 537 148 237 913 
633 158 672 852 304 63 606 980 767 203 582 654 698 310 720 514 567 402 642 573 664 21 487 277 235 445 751 773 955 823 868 289 403 428 528 889 466 204 971 69 534 761 809 39 557 243 697 847 667 746 894 325 188 14 705 437 508 386 870 314 
291 641 464 426 641 47 210 319 981 713 246 761 799 512 72 935 15 776 621 895 295 600 844 421 562 538 590 813 571 968 583 853 211 525 739 762 28 972 722 936 267 769 427 611 297 743 807 653 524 137 988 116 503 203 239 746 436 632 782 468 
447 852 101 123 949 971 912 308 257 311 664 886 298 52 52 749 425 334 786 210 951 890 359 8 475 143 43 218 19 239 821 340 836 516 936 735 667 522 426 561 58 393 779 706 109 188 962 571 113 361 496 87 696 751 293 634 125 798 802 982 
723 700 811 580 546 103 617 920 442 1 142 390 741 800 903 528 856 839 919 868 736 68 545 891 655 116 317 203 366 282 454 0 552 730 11 262 171 734 979 856 735 710 64 266 178 28 219 195 676 527 841 382 628 769 462 520 924 119 156 655 
884 365 754 708 149 984 636 619 496 291 824 994 888 813 288 686 995 394 315 807 444 275 877 317 653 423 353 829 561 362 944 375 767 500 762 363 663 890 306 365 91 984 47 544 924 693 444 783 463 366 730 920 796 383 93 714 397 977 209 36 
