5
25 120
519 104 649 813 964 713 567 844 848 246 300 832 400 340 40 620 1000 121 959 788 817 539 910 437 878 620 598 350 415 199 69 363 55 218 155 982 814 91 543 623 704 187 196 823 773 160 274 527 207 236 555 766 136 190 221 462 694 750 453 819 11 836 145 396 643 898 990 977 498 427 613 411 801 247 52 455 404 178 428 862 81 293 227 856 880 515 615 301 30 370 915 606 68 506 317 485 72 550 727 402 312 187 831 331 241 220 65 613 557 553 218 38 25 509 207 974 819 311 548 822 
621 383 504 129 339 213 386 951 801 269 1000 119 56 567 692 806 17 13 385 449 493 795 864 205 541 850 113 390 401 181 954 140 777 530 479 305 645 403 140 156 453 354 962 831 863 946 670 286 373 65 736 442 22 486 55 112 647 905 294 501 597 288 700 731 428 828 450 327 26 52 677 781 911 484 390 490 312 858 81 519 926 71 390 960 663 167 344 292 815 635 1 487 481 592 749 139 950 339 625 351 557 229 344 737 334 288 298 254 163 440 381 139 279 973 807 814 135 563 728 285 
299 829 328 688 681 985 585 34 903 940 213 30 698 796 880 268 349 933 884 613 515 401 401 413 955 468 857 538 974 507 860 282 269 944 451 114 758 715 546 220 53 933 760 287 301 772 779 802 924 453 204 631 248 969 497 630 288 299 969 949 624 175 11 878 995 777 251 648 733 605 330 986 148 48 633 407 833 277 160 122 143 370 423 161 825 772 983 348 214 948 694 573 569 592 542 646 915 615 604 237 646 561 38 920 632 838 581 866 110 512 55 23 369 413 667 876 620 790 473 767 
102 226 293 630 522 207 226 187 377 431 366 263 7 590 193 149 837 992 121 805 720 137 57 542 551 931 271 537 798 674 553 914 948 948 697 640 322 294 843 763 158 710 897 558 915 459 599 240 104 187 441 681 892 821 462 572 196 81 775 73 387 204 330 227 940 619 29 228 354 746 759 957 901 161 690 465 931 15 678 342 106 444 798 634 743 770 254 101 847 384 421 62 14 142 80 199 71 680 155 588 234 481 980 73 947 52 949 658 422 872 531 188 132 749 419 323 764 542 321 650 
846 871 8 75 240 188 889 169 13 127 346 327 459 667 708 833 686 711 724 395 102 232 509 884 520 556 503 782 388 611 751 575 800 490 592 491 220 390 863 22 431 220 295 2 681 901 421 542 666 528 846 162 257 955 564 147 683 533 970 490 323 847 45 185 984 750 872 156 299 227 993 343 613 691 154 884 384 731 58 155 601 589 296 817 780 31 707 358 698 102 550 742 214 360 465 917 728 7 286 898 672 214 870 326 660 855 691 497 158 345 748 16 374 22 298 16 918 431 541 786 
634 740 539 787 564 450 707 90 688 910 999 160 607 81 485 62 556 294 6 217 902 189 206 670 434 244 444 376 83 381 744 410 492 422 866 825 586 318 123 817 863 318 613 17 854 9 134 452 330 678 5 971 38 626 651 514 255 417 934 852 980 810 937 291 888 865 677 81 184 652 935 882 669 434 647 379 862 292 601 362 136 271 539 363 318 612 26 871 650 19 212 346 338 672 869 239 881 732 777 849 335 912 652 376 62 380 967 124 537 976 190 867 821 753 903 974 510 687 881 481 
534 796 554 396 29 908 867 920 269 741 953 736 541 641 580 400 537 595 855 648 889 827 601 606 846 997 661 223 553 56 2 956 90 542 642 73 119 976 202 626 690 837 368 27 150 462 606 106 467 385 794 48 424 331 351 597 129 288 947 85 338 136 928 684 61 720 831 43 142 667 796 720 945 643 189 840 682 316 339 747 33 935 80 298 43 336 558 662 834 463 652 450 741 112 157 346 113 672 260 378 973 351 37 240 273 673 611 349 997 6 64 120 689 10 449 374 651 633 652 752 
165 430 476 952 131 592 202 690 465 535 260 302 26 562 625 444 238 866 2 483 872 79 530 918 865 681 320 509 129 996 556 949 719 677 912 311 59 214 104 153 959 89 498 914 724 376 631 763 814 135 596 235 393 827 803 301 748 557 847 756 444 896 537 805 56 558 855 473 807 812 219 54 207 288 970 115 979 589 421 378 367 630 293 826 285 323 739 555 537 468 279 363 138 317 844 50 238 563 937 139 81 295 431 926 980 356 605 29 121 433 572 302 61 92 94 204 971 757 517 361 
699 790 597 199 258 233 530 862 271 579 415 736 908 202 303 244 93 352 79 609 464 644 524 910 952 550 571 280 879 727 952 868 972 785 610 810 23 441 526 915 348 42 251 731 516 664 857 495 611 400 816 426 795 27 252 590 294 421 541 903 148 93 835 930 70 184 272 206 89 194 860 795 6 740 254 864 532 309 773 598 848 375 539 100 418 951 189 819 73 10 958 727 507 188 600 30 686 843 244 19 85 627 403 630 287 62 12 899 152 656 289 226 988 896 418 985 773 743 429 741 
839 885 890 745 718 943 335 245 127 53 167 87 37 556 95 231 487 777 459 627 805 714 169 195 357 503 861 848 844 15 33 860 408 933 245 913 749 754 473 653 712 425 576 264 689 748 58 90 672 240 548 555 731 672 878 880 84 282 239 139 223 574 873 185 125 565 480 807 963 918 521 221 861 941 103 504 190 495 763 974 528 133 750 221 314 17 817 861 627 150 320 132 818 185 741 988 819 198 172 669 772 692 372 663 818 314 132 154 635 257 702 812 318 514 648 538 890 985 123 390 
334 180 130 335 260 794 521 231 326 268 786 503 535 622 541 508 85 928 478 938 509 140 806 380 651 553 529 527 392 301 163 667 381 72 461 957 562 671 516 888 791 99 915 539 354 111 71 698 173 935 241 101 597 833 489 807 974 190 302 270 986 737 599 241 313 551 934 293 537 407 463 673 397 974 225 7 254 893 681 634 489 200 586 741 352 672 222 934 409 403 811 963 784 998 857 442 691 774 323 268 695 455 205 480 427 555 70 231 925 555 300 839 266 496 457 411 209 108 21 327 
450 415 892 664 559 337 182 204 317 245 616 69 80 699 948 111 288 44 539 61 810 252 656 731 646 667 389 906 731 785 424 179 480 628 80 432 446 682 296 896 97 883 885 46 669 931 90 364 47 930 859 396 2 559 853 514 15 180 411 66 998 577 734 410 744 611 333 632 778 179 738 716 78 617 757 21 27 839 64 522 143 532 973 123 100 644 959 852 349 116 804 711 688 968 940 281 965 899 654 448 619 610 481 675 531 80 240 63 966 174 789 603 698 552 881 191 797 679 235 887 
191 813 314 502 222 937 810 408 548 663 106 693 498 414 748 645 270 896 870 582 876 828 64 645 599 761 528 922 246 27 680 62 222 759 362 142 414 429 105 777 601 800 902 208 956 261 473 757 500 264 808 348 334 915 618 303 823 871 869 158 291 933 742 90 624 482 25 541 980 371 834 588 971 321 318 632 876 142 195 600 367 256 770 88 386 226 869 41 328 74 892 438 248 2 128 798 444 359 32 586 261 648 247 351 912 118 648 887 174 691 122 147 449 890 622 282 709 142 337 628 
319 108 50 420 730 575 784 630 36 567 923 26 975 340 683 770 110 218 383 292 841 668 398 794 10 282 491 585 306 390 514 195 735 343 846 354 327 42 821 361 321 365 262 235 813 504 130 885 773 960 74 350 553 660 247 177 207 533 893 45 400 217 864 451 6 256 672 892 251 462 613 109 784 214 308 362 240 489 398 370 19 213 944 612 167 464 873 675 703 177 848 729 561 322 88 305 250 478 830 762 760 257 666 138 949 955 859 245 395 2 588 381 241 619 186 784 99 61 328 661 
38 340 883 277 878 171 574 26 372 142 933 1 707 192 301 297 282 444 771 443 335 647 648 416 959 993 568 218 68 439 988 403 85 39 982 254 492 189 887 506 185 160 847 305 646 89 552 38 815 388 311 141 840 452 357 281 542 783 20 341 134 368 778 267 222 471 333 895 477 608 860 644 741 611 648 777 324 576 471 687 451 52 232 695 66 942 319 965 327 798 201 888 797 164 908 876 987 127 214 112 733 581 332 665 563 659 608 10 996 178 470 952 716 778 535 817 971 736 83 665 
417 93 808 81 435 487 241 777 2 597 102 334 500 270 966 354 232 949 512 28 468 868 465 202 511 826 158 484 510 71 794 301 288 754 446 396 251 249 159 447 645 282 65 605 288 390 629 941 721 625 75 905 939 753 191 635 159 724 522 253 559 497 521 783 705 503 444 708 797 161 189 577 402 276 653 200 965 984 404 542 592 707 819 778 742 378 580 522 293 129 481 853 264 296 323 270 539 805 397 149 333 649 432 16 230 606 280 125 914 150 797 535 137 347 946 502 973 626 223 812 
425 291 597 135 412 835 35 404 457 649 958 400 402 356 886 874 962 584 484 850 567 556 212 948 831 532 53 902 718 291 811 745 553 483 660 658 261 768 254 73 753 530 392 819 408 84 921 725 647 102 269 678 677 988 575 679 656 358 829 937 81 601 593 44 389 122 953 491 515 967 984 593 660 561 764 252 70 156 407 751 310 920 369 140 941 686 991 98 50 616 503 783 419 326 305 418 938 208 670 175 449 164 722 89 792 636 676 974 221 717 537 174 152 893 275 997 661 630 210 192 
682 450 996 330 591 888 784 744 411 204 150 132 199 76 654 855 776 704 113 277 552 173 976 429 170 543 92 349 413 978 305 277 688 640 79 599 699 735 935 159 320 443 32 276 623 569 563 104 375 506 519 86 12 588 459 601 826 276 988 41 300 17 463 944 65 396 584 225 686 702 931 844 454 647 467 666 983 100 478 200 37 140 201 48 830 629 737 631 866 170 453 802 341 77 923 682 815 717 323 767 975 654 69 154 943 896 848 957 658 932 449 84 727 13 360 827 820 84 707 774 
31 475 873 910 834 144 878 138 342 54 252 244 140 908 758 261 258 470 627 555 160 506 757 427 294 224 89 327 185 304 232 631 888 815 463 58 304 624 833 241 107 303 944 584 531 87 189 984 38 838 132 45 908 282 5 910 82 391 584 596 21 848 19 191 998 648 245 994 350 441 625 485 571 894 503 694 286 699 804 518 139 360 565 1000 105 337 51 905 834 361 999 443 962 282 205 309 979 152 4 444 257 158 892 893 891 51 412 99 713 808 314 942 677 686 384 906 948 80 880 140 
290 865 122 211 54 777 727 2 840 190 452 403 384 337 582 591 198 9 492 110 760 331 844 287 391 461 38 817 329 232 761 606 417 121 492 50 727 803 69 977 843 880 493 545 720 162 759 754 568 488 314 37 782 899 109 737 738 252 828 893 186 610 339 167 373 135 320 305 475 899 64 473 906 951 319 691 970 919 581 919 0 132 547 280 815 231 118 395 619 519 17 753 471 781 219 542 442 444 352 735 610 633 863 699 889 666 238 22 27 670 876 815 265 405 824 334 494 274 106 624 
696 622 723 483 690 93 34 382 813 488 405 19 780 356 247 595 166 893 513 463 243 759 416 494 482 244 239 380 682 2 871 90 438 102 99 81 450 533 958 1000 548 418 225 16 744 692 592 872 918 974 40 901 350 433 578 106 120 77 537 631 841 716 136 302 79 306 569 140 820 806 649 841 96 177 151 463 154 435 378 314 629 218 740 811 707 513 823 793 389 771 238 800 690 161 964 892 614 816 225 347 243 849 148 172 835 894 83 332 45 49 787 437 329 18 108 72 979 916 596 998 
591 428 34 760 469 393 170 166 286 974 353 775 333 611 232 714 30 234 452 78 335 952 907 634 86 499 468 928 351 943 141 182 90 805 255 563 573 564 3 621 341 818 884 34 385 946 99 3 866 324 951 619 621 436 545 322 845 677 436 868 318 380 39 323 387 437 642 69 313 911 375 5 829 890 924 807 585 506 951 628 533 548 717 197 706 236 405 949 252 492 56 425 88 889 301 940 853 761 190 958 905 583 33 309 235 7 621 27 167 984 713 734 144 805 144 137 107 247 672 643 
538 977 438 436 39 959 174 948 360 929 852 100 91 573 882 250 741 546 967 53 277 838 640 723 191 663 792 986 718 251 564 316 163 657 618 894 601 644 128 914 505 809 339 896 832 896 671 634 548 615 647 79 219 911 601 184 750 695 945 914 133 179 717 630 13 149 114 78 400 53 139 185 480 903 276 401 16 329 662 567 247 607 999 535 781 994 196 260 278 644 596 331 922 552 912 748 513 858 139 162 395 801 858 772 559 857 582 639 183 9 846 217 529 854 905 128 859 459 947 245 
244 950 256 49 350 905 840 267 121 234 207 895 980 725 76 955 327 382 430 415 589 954 804 146 82 185 312 957 147 411 682 839 337 599 398 908 811 306 528 44 611 678 956 718 66 262 909 11 310 994 43 951 497 799 358 2 42 589 671 654 204 0 431 412 308 581 848 207 624 603 229 318 303 233 162 677 757 641 212 642 658 745 372 247 645 158 327 306 25 679 382 126 961 26 707 482 446 803 233 878 70 47 211 113 887 497 254 411 956 270 946 20 716 194 116 517 984 89 800 761 
139 565 355 595 558 932 178 437 516 50 929 10 660 330 52 855 799 736 886 102 282 829 759 675 51 410 621 644 979 897 117 437 944 663 252 806 251 718 911 12 649 795 335 667 253 823 498 587 883 306 436 849 717 132 783 235 806 469 902 505 846 796 12 879 483 870 852 924 917 903 627 76 543 617 485 597 54 115 239 871 73 815 190 892 41 390 703 725 821 51 498 177 274 720 811 195 426 604 612 255 782 451 964 921 290 258 276 755 884 794 872 219 760 196 475 209 442 625 770 107 
