5
25 80
619 716 456 982 531 480 18 640 195 824 566 368 218 33 594 446 829 166 774 817 674 434 226 877 603 890 201 239 219 362 465 359 19 73 372 672 202 904 52 281 638 792 405 492 824 82 743 226 343 416 143 288 662 511 177 610 616 324 642 526 12 322 761 914 725 462 908 905 877 412 612 631 935 224 963 596 23 692 82 224 
989 685 328 402 365 242 900 323 518 623 270 730 629 909 409 49 654 357 337 311 239 901 999 948 107 662 205 783 719 356 103 261 311 616 426 404 607 928 954 896 180 363 315 509 51 375 585 485 951 760 198 306 527 169 575 870 172 758 382 219 635 437 502 807 887 862 797 23 282 347 631 885 87 786 437 670 190 768 510 876 
430 960 371 489 404 466 160 221 217 150 542 948 878 122 660 301 793 633 748 952 0 868 355 208 947 992 98 604 527 136 440 387 218 5 334 108 789 790 63 618 49 288 363 117 441 191 52 303 475 225 430 87 932 56 818 171 650 482 148 863 185 332 336 698 25 781 394 297 402 701 241 910 925 398 124 727 826 974 344 929 
64 252 329 95 158 994 567 744 761 584 728 98 306 932 748 571 625 38 38 920 377 718 263 780 967 595 93 906 766 805 111 306 356 858 639 491 665 854 333 780 387 391 763 209 31 872 210 283 386 515 762 577 663 684 594 650 417 187 99 207 694 786 156 623 138 508 304 216 270 398 810 662 289 542 4 715 311 911 29 809 
1 127 771 122 871 149 970 551 225 709 714 772 607 345 33 837 429 908 101 609 800 144 980 323 344 499 38 74 927 875 222 25 15 863 369 84 445 503 285 792 221 371 822 667 429 265 671 452 582 870 9 135 626 29 585 865 978 848 861 949 189 975 831 874 741 769 195 357 650 904 10 792 586 291 989 878 590 580 543 293 
483 222 23 645 176 689 995 965 158 541 293 707 454 601 53 509 716 714 151 518 199 168 689 159 249 83 308 843 527 725 384 422 114 634 800 137 857 368 547 90 542 115 519 626 111 528 21 963 836 671 914 656 970 809 1000 508 154 477 485 243 15 887 829 816 944 450 579 437 262 868 357 619 502 879 792 944 519 881 362 942 
237 695 764 650 727 25 620 693 351 587 189 893 957 259 794 531 681 131 44 438 588 852 719 363 101 117 593 582 889 583 769 477 883 303 642 50 752 86 837 78 879 104 527 525 604 885 972 385 687 373 922 930 442 51 758 509 834 660 289 718 713 895 647 336 344 223 258 743 605 276 353 793 155 381 234 93 185 928 991 58 
660 176 582 320 746 947 661 790 814 402 754 613 64 592 328 989 129 967 833 834 767 694 149 889 845 355 489 837 286 790 403 888 406 568 776 64 494 478 491 480 320 976 39 962 907 417 769 900 92 665 601 108 391 124 506 594 910 125 179 771 358 769 750 124 24 20 575 64 478 131 495 643 341 130 86 801 843 957 63 151 
896 268 92 558 429 357 588 113 538 221 239 771 836 120 102 534 345 945 219 252 788 758 776 588 872 510 946 321 626 433 618 583 392 603 888 265 704 383 728 102 365 755 76 447 86 400 0 853 616 569 226 16 150 4 49 636 936 650 738 438 297 187 112 179 48 791 482 330 636 821 769 529 930 84 330 945 316 452 429 303 
500 547 571 667 572 304 199 164 425 309 813 422 400 137 914 758 285 362 371 141 357 472 428 731 656 636 666 659 778 126 756 442 210 223 656 29 895 625 793 533 908 887 729 852 665 556 636 208 532 17 259 807 356 353 118 787 897 542 976 759 880 350 945 845 858 111 518 988 828 49 913 981 675 719 15 622 515 611 559 440 
772 257 764 62 654 496 721 386 246 873 742 126 776 721 952 226 550 912 675 844 305 704 456 326 629 721 884 815 681 4 913 164 309 79 700 935 814 35 613 895 179 985 207 418 700 950 141 633 752 576 962 446 739 955 205 462 896 578 135 210 249 824 949 505 326 234 345 246 151 178 952 698 297 158 536 271 396 939 795 869 
413 445 566 293 171 603 770 894 591 796 744 187 804 990 211 565 335 147 117 710 660 444 709 593 101 493 997 165 622 316 818 58 146 411 70 590 155 661 304 927 83 178 741 632 559 955 957 643 502 261 750 148 377 883 35 359 596 944 479 812 420 689 194 187 619 424 549 951 443 101 967 800 816 467 410 397 145 387 778 329 
660 658 815 690 859 280 886 671 438 252 564 963 194 421 818 912 453 565 64 409 161 436 69 517 367 774 7 304 846 942 420 261 801 325 189 697 982 74 666 787 592 39 826 627 868 842 62 537 748 496 238 419 707 318 69 556 436 634 853 415 989 224 413 883 178 84 847 70 571 676 971 690 839 504 909 355 762 685 448 908 
90 215 972 159 366 932 279 778 111 997 608 464 260 606 303 372 320 759 30 826 119 922 842 538 685 744 300 928 478 527 180 425 172 309 111 253 288 733 597 196 441 916 848 364 611 729 772 619 195 286 998 237 636 229 993 471 532 765 293 574 101 140 395 17 583 466 18 412 96 170 312 308 393 702 177 113 918 294 957 398 
601 295 885 856 140 825 668 507 695 804 447 308 347 635 671 416 483 53 801 507 710 682 154 525 293 975 467 417 896 630 875 508 832 609 452 806 736 522 93 19 181 983 862 611 51 465 489 446 392 433 176 577 395 854 884 801 789 125 873 529 67 262 636 738 551 635 582 933 944 592 174 76 153 56 504 750 405 492 473 635 
635 470 33 111 855 408 330 756 445 975 624 270 390 244 94 14 467 283 194 324 538 387 502 394 432 123 248 999 504 793 815 961 396 367 629 648 528 379 509 741 390 896 937 195 797 131 773 320 632 369 868 604 452 608 111 453 21 889 22 363 514 557 127 854 566 122 897 209 76 996 479 183 91 593 139 382 685 2 54 267 
311 611 163 725 215 145 686 29 687 391 136 557 713 628 330 7 831 617 358 108 793 548 562 924 188 130 579 343 152 591 590 338 250 861 623 721 792 642 476 955 791 760 103 599 34 14 698 20 884 203 496 737 180 841 730 535 772 753 759 119 34 257 747 367 191 392 537 755 809 196 198 15 82 57 274 582 692 601 106 699 
51 635 449 634 766 370 432 811 930 69 752 124 736 300 465 208 561 168 557 905 543 547 919 274 109 471 822 291 709 294 421 350 75 52 495 867 952 122 366 544 279 624 876 487 427 383 256 256 130 149 927 254 540 338 318 273 904 567 833 221 6 849 43 183 295 873 235 51 817 629 368 711 743 888 818 600 561 359 851 800 
916 809 283 385 682 412 573 648 755 309 134 60 976 442 887 579 929 625 224 337 963 378 635 147 364 895 695 378 642 70 446 143 352 519 181 305 112 398 210 27 477 609 950 709 181 612 296 674 488 338 466 527 771 524 390 0 414 274 27 893 381 416 710 676 196 806 332 505 230 56 717 607 361 870 759 718 940 298 237 810 
303 136 914 351 853 485 464 611 938 66 860 640 7 559 433 586 519 114 56 676 947 27 32 758 594 978 540 589 367 251 983 798 415 400 210 253 64 218 98 993 450 905 42 974 695 352 768 773 77 266 53 565 337 150 561 261 378 981 493 569 512 568 487 21 509 467 531 649 565 224 217 860 770 565 933 915 777 764 284 136 
604 851 164 758 435 383 180 582 987 73 375 615 632 884 616 970 735 165 85 329 904 848 549 366 906 347 458 304 862 582 439 60 673 201 90 56 337 370 956 687 771 311 270 453 390 941 266 506 428 673 752 544 812 763 218 641 539 865 541 419 812 891 249 271 435 998 131 855 601 817 928 312 147 586 103 119 124 927 339 645 
941 105 73 497 618 481 238 625 717 415 191 936 150 795 435 714 470 359 536 915 311 302 630 963 138 174 300 438 943 253 819 976 399 262 710 516 948 228 175 815 206 86 865 187 522 352 607 739 671 399 100 194 383 876 586 391 197 999 771 879 220 469 970 256 912 20 472 540 593 935 182 20 675 583 512 147 650 478 676 326 
352 656 632 424 817 965 575 312 135 214 317 154 758 770 228 757 679 354 383 262 335 229 940 997 36 628 505 841 439 531 900 179 404 205 903 333 665 610 434 678 858 169 531 932 965 649 198 767 240 11 230 951 732 72 328 558 668 413 385 304 517 941 751 393 679 678 555 11 882 409 800 749 51 139 641 703 784 453 566 919 
839 22 723 873 756 527 53 597 51 943 11 254 781 954 796 974 634 116 154 94 873 747 998 677 232 695 611 497 787 818 477 97 817 809 40 15 411 171 56 621 988 279 592 774 595 357 507 367 400 752 245 930 652 657 149 592 368 230 79 135 562 798 744 767 700 787 958 154 946 279 312 15 644 970 714 47 150 650 776 698 
720 478 143 724 176 649 115 747 713 895 810 147 571 905 242 341 668 275 764 827 943 95 606 853 112 242 135 91 18 78 727 732 387 830 447 737 566 138 198 633 853 725 624 305 386 428 112 534 190 696 76 320 476 463 55 336 639 674 957 215 200 992 258 443 386 497 172 841 374 278 498 782 892 614 597 418 574 833 408 851 
