5
25 100
365 188 164 974 61 720 674 261 734 163 731 537 405 43 670 639 817 870 956 286 995 88 410 422 287 314 291 407 722 84 385 79 33 134 191 911 339 550 871 966 413 797 760 465 433 393 998 460 177 967 692 123 175 211 765 49 394 327 507 16 738 537 0 760 25 238 343 375 410 820 136 950 559 726 78 888 225 74 550 534 24 220 792 545 724 848 383 1000 696 476 618 774 819 559 279 913 563 991 233 556 
94 460 330 150 886 817 12 151 425 991 637 129 667 802 83 685 730 526 282 528 584 567 556 173 37 950 694 510 349 983 931 154 840 313 790 619 789 193 111 358 6 139 204 635 0 656 160 409 177 572 657 262 832 781 932 824 96 289 207 207 46 544 148 8 623 557 760 643 115 47 754 123 501 987 707 76 659 605 435 891 469 886 262 418 515 324 400 697 435 394 531 235 807 683 900 710 186 619 170 467 
34 936 111 324 121 344 470 387 398 12 682 293 870 195 20 283 717 933 492 855 750 214 92 185 779 226 228 368 291 283 903 861 820 458 767 70 637 641 632 494 942 174 761 160 92 31 823 573 371 637 133 455 514 835 696 634 156 94 565 1000 198 14 780 518 643 977 450 295 881 604 630 19 833 678 66 156 807 364 877 594 609 176 323 855 6 609 343 928 64 372 385 509 74 910 217 320 699 251 694 404 
857 943 62 118 409 868 293 246 522 993 432 811 324 74 240 430 881 898 646 875 5 386 386 660 721 941 426 132 145 837 86 797 209 952 107 246 882 217 176 263 206 314 380 436 43 226 271 933 870 666 860 775 25 488 860 941 160 921 633 110 862 906 611 803 559 384 75 773 691 859 541 384 792 152 673 768 397 998 64 69 284 722 74 856 349 708 199 777 25 304 142 347 619 935 465 901 803 733 742 447 
218 935 34 289 913 767 115 447 560 911 231 165 779 520 90 201 299 896 459 575 442 130 776 429 686 187 884 182 379 575 100 518 432 514 472 724 811 404 609 499 976 63 708 754 7 681 154 138 730 840 927 321 908 311 238 462 886 963 927 200 714 845 998 285 7 96 197 460 397 446 20 349 208 722 180 219 802 437 176 27 448 349 616 994 347 614 503 312 266 516 122 914 406 164 77 103 76 184 581 126 
896 193 909 134 970 151 335 633 813 979 978 773 334 181 447 733 556 478 742 135 69 227 338 495 452 511 389 800 943 573 900 479 292 597 737 242 21 503 483 456 126 67 667 312 663 943 628 602 245 758 425 109 114 80 50 93 959 745 514 643 917 644 563 988 252 893 855 641 375 132 230 817 918 827 762 826 843 797 477 621 116 703 664 179 426 782 719 705 739 537 391 817 739 92 293 95 405 570 397 824 
446 763 297 650 859 975 780 535 745 716 925 929 420 118 744 200 923 457 481 121 321 789 356 588 640 983 946 37 76 778 346 578 739 873 299 968 600 310 978 414 366 977 98 52 140 410 492 142 930 698 408 978 588 391 76 309 248 261 801 773 371 940 580 469 51 895 280 853 662 301 381 240 529 485 954 685 967 711 18 707 230 103 916 646 565 772 904 958 138 825 378 153 56 542 401 531 815 870 688 612 
978 853 290 249 805 787 1000 239 419 418 366 602 378 728 339 431 897 632 425 221 655 211 625 701 286 310 314 801 209 944 13 657 738 396 353 368 884 173 323 916 268 6 735 288 288 200 764 172 135 948 196 631 248 177 44 283 124 817 855 267 245 464 650 282 109 317 102 754 93 27 606 747 964 263 242 645 335 346 19 788 678 131 325 155 371 19 998 670 107 123 456 537 436 292 747 674 799 461 779 736 
849 58 45 663 53 201 120 324 916 7 347 233 99 788 774 778 29 414 356 547 562 702 188 108 859 273 447 209 221 689 76 871 469 755 480 39 572 926 359 894 476 609 455 244 23 757 981 509 297 457 704 820 656 948 832 917 397 161 384 569 238 265 501 517 16 170 415 871 876 19 660 302 76 403 980 326 776 657 303 186 139 201 496 424 514 611 751 53 233 977 178 844 865 700 548 881 368 981 397 487 
38 835 124 646 178 666 307 915 363 897 778 361 72 54 753 854 823 104 449 725 154 422 732 534 626 11 470 832 944 559 479 980 649 770 611 385 596 788 818 155 644 598 405 216 251 168 104 201 869 974 850 560 7 994 422 431 768 182 930 991 117 439 118 315 279 67 740 346 649 249 744 379 792 16 128 338 133 752 117 30 807 557 656 212 144 730 252 224 304 687 10 692 492 594 126 780 165 358 401 649 
860 443 382 966 749 186 967 219 844 54 245 91 683 957 781 159 20 484 390 635 640 11 464 834 963 999 896 108 75 773 647 511 284 205 7 669 343 868 665 611 658 451 858 171 774 957 48 56 583 612 693 617 89 207 828 526 605 555 413 360 885 637 9 51 551 394 107 806 824 871 8 253 377 812 528 60 934 277 367 845 632 0 152 308 234 830 803 942 62 112 206 711 202 188 716 649 249 483 708 813 
908 327 900 734 739 350 73 426 351 83 550 995 479 896 206 492 946 460 922 649 178 846 310 140 822 282 292 650 718 448 416 620 54 741 763 579 824 426 129 342 336 20 507 553 370 808 960 415 769 659 507 406 744 618 708 546 19 739 304 834 47 76 466 753 425 103 657 617 762 10 406 784 904 780 269 227 546 988 650 143 331 163 709 791 631 353 891 237 659 721 856 991 725 801 610 506 466 441 1 560 
868 104 607 279 889 722 729 589 810 811 636 734 321 843 387 328 630 347 601 587 748 20 154 276 891 780 664 605 756 721 280 891 745 335 71 915 947 834 32 550 694 703 452 858 876 829 351 544 785 720 506 305 815 916 637 519 130 458 661 512 494 379 617 892 112 114 436 35 170 892 142 540 161 434 364 489 478 706 638 349 717 847 399 121 143 461 55 483 208 938 581 719 697 413 132 490 571 525 259 529 
433 360 6 846 113 957 755 940 143 651 766 854 362 119 486 573 593 681 977 309 194 606 572 71 362 326 515 614 994 555 913 397 409 674 606 308 449 476 518 946 612 439 2 389 328 276 904 374 272 244 204 521 507 611 126 127 506 532 182 725 872 289 711 464 475 998 976 206 645 920 404 283 403 102 654 972 9 180 714 287 500 209 148 878 698 236 402 483 591 743 618 857 798 863 359 774 1000 783 926 678 
291 35 71 16 232 124 726 453 208 451 631 497 544 542 43 664 316 505 205 400 432 320 883 908 469 846 120 169 364 533 563 646 948 234 736 936 740 350 440 53 42 429 925 860 378 21 254 930 37 768 378 400 602 833 140 950 625 979 617 806 832 612 581 85 573 587 782 323 448 469 360 393 777 412 323 685 137 887 869 51 635 900 844 888 263 800 341 88 48 574 115 388 269 606 263 367 273 676 306 824 
384 161 735 613 894 42 743 343 384 191 344 335 892 349 848 78 986 446 238 837 380 325 244 650 508 383 465 362 788 209 139 895 771 673 898 338 3 174 251 983 559 969 919 864 738 595 932 26 394 35 583 549 397 64 166 966 655 931 371 203 739 376 943 951 336 514 34 842 994 65 718 529 717 327 883 545 56 517 861 647 927 998 705 367 869 74 680 740 919 450 441 884 173 593 332 605 408 879 927 548 
510 880 643 337 84 224 826 934 945 692 678 611 810 654 507 930 807 142 168 727 267 956 83 530 420 496 326 304 854 134 393 419 712 366 683 870 824 155 758 460 247 188 52 388 350 508 645 180 80 269 143 28 235 673 627 725 500 690 617 470 99 787 171 119 26 955 702 320 67 36 439 239 961 712 466 322 170 453 561 775 510 576 900 40 192 753 485 34 27 283 80 30 490 582 807 46 23 876 643 572 
869 102 202 975 266 693 979 781 726 442 607 504 5 387 759 268 698 819 540 434 186 654 711 872 431 906 437 186 87 456 766 792 570 897 592 204 445 110 820 338 523 234 355 560 544 980 50 814 799 26 799 178 315 897 422 610 754 678 760 829 333 268 108 73 535 465 929 821 534 785 754 851 738 769 110 554 469 67 569 316 846 172 797 372 189 479 829 222 88 685 322 224 150 935 556 795 227 445 294 635 
200 937 793 136 449 148 522 377 487 186 792 54 155 349 10 435 447 428 85 132 166 73 14 758 363 667 551 89 490 979 828 969 353 866 957 715 522 531 890 74 209 952 228 516 81 933 936 479 558 553 300 913 590 355 92 595 944 330 219 421 802 993 940 687 357 100 714 680 135 755 683 762 274 332 577 788 938 154 470 471 710 154 199 718 168 236 292 743 103 727 597 522 750 319 351 506 450 18 699 358 
561 988 705 28 240 693 339 459 298 699 328 173 208 782 496 280 748 931 960 747 399 137 768 149 210 494 201 303 582 640 137 712 398 923 72 769 417 23 780 842 210 997 471 745 549 881 381 309 221 813 364 21 535 426 890 109 379 858 364 495 325 897 885 777 404 409 723 339 176 967 370 914 674 3 956 935 222 561 637 418 682 588 904 736 41 656 795 283 216 865 456 184 218 393 543 645 227 237 997 136 
444 574 567 131 750 656 769 703 920 657 655 993 620 628 548 878 157 903 750 700 489 245 350 554 524 130 142 140 562 13 256 51 683 699 714 69 612 739 216 970 922 841 2 539 750 242 57 628 680 905 254 146 439 521 55 476 528 340 365 974 807 275 33 150 721 175 130 497 250 671 182 876 766 333 242 630 662 804 759 886 610 530 219 580 48 461 263 599 534 661 543 223 723 212 208 955 950 913 291 909 
29 639 248 536 373 120 915 256 850 568 535 949 986 210 34 246 156 264 319 549 746 757 527 635 544 207 488 412 926 937 444 794 796 208 478 848 32 759 919 89 795 546 6 971 230 955 974 907 610 73 515 860 882 462 528 105 144 416 109 129 566 937 945 623 256 870 735 781 840 915 939 604 38 162 833 835 233 209 851 883 780 975 295 985 874 491 282 651 452 32 806 839 341 417 599 337 420 233 486 320 
290 874 326 659 792 518 777 711 661 904 165 273 574 621 207 808 121 714 940 119 532 794 631 793 275 714 416 950 877 41 528 933 174 714 286 40 487 918 31 916 140 388 117 71 186 727 835 504 984 926 246 765 80 183 198 734 912 18 574 340 380 215 606 734 429 242 905 931 734 252 108 954 642 125 694 154 636 693 759 94 289 749 56 5 778 921 958 21 724 674 464 839 357 598 161 291 181 330 80 522 
832 204 95 930 880 855 267 241 50 20 313 112 281 455 712 927 364 135 309 970 351 505 526 308 395 535 794 540 237 244 168 989 266 598 257 321 738 689 301 932 957 615 552 260 477 24 471 96 34 411 330 205 816 96 91 794 690 241 427 185 654 307 349 746 611 520 539 710 778 625 57 855 160 929 994 811 154 1000 229 856 984 144 127 391 519 905 723 62 72 563 406 59 7 631 107 961 673 640 573 534 
894 940 36 705 644 802 56 320 753 210 968 28 725 202 464 22 183 605 982 162 195 605 52 275 390 937 975 786 310 544 447 614 305 249 453 892 373 607 832 248 399 747 129 634 432 84 274 452 410 879 600 981 833 293 905 461 580 729 290 105 688 139 602 582 640 453 280 774 239 670 597 300 156 230 590 254 115 614 366 490 135 565 172 472 236 126 348 905 321 533 969 520 365 563 545 239 858 223 979 310 
