5
25 140
693 799 288 409 904 580 323 750 121 416 616 523 581 382 28 298 824 653 640 832 277 210 583 200 425 170 354 767 329 743 765 41 933 170 59 600 452 375 908 540 905 180 395 502 387 294 194 622 901 914 90 344 125 960 263 67 822 825 207 392 906 253 196 33 885 408 958 79 17 854 215 670 442 471 826 767 798 741 394 360 787 141 999 328 862 518 618 565 803 929 961 553 130 157 803 806 519 559 141 96 91 530 491 836 446 578 434 90 976 719 537 698 432 88 773 318 844 917 517 846 571 795 238 819 599 410 157 439 56 532 305 435 765 631 615 95 190 219 853 940 
214 75 820 455 317 13 483 740 5 999 182 495 623 385 60 423 441 975 952 562 306 123 867 4 849 423 731 957 808 773 162 523 61 235 210 548 580 261 823 461 381 680 307 58 160 183 276 525 593 662 188 908 69 472 362 94 264 549 631 834 704 736 80 944 917 55 821 150 606 412 257 684 659 90 867 492 512 104 17 244 679 805 16 266 608 193 431 665 613 465 256 748 31 51 470 907 855 389 371 357 328 733 957 308 252 338 203 346 790 534 623 796 739 410 805 927 167 912 736 172 693 857 964 889 531 754 412 472 995 24 850 779 667 512 596 52 738 799 450 672 
845 481 65 980 27 399 653 453 705 735 802 665 713 305 938 490 53 146 850 966 525 510 375 432 101 835 331 388 980 501 204 531 432 518 532 816 930 805 827 517 702 824 873 647 724 239 346 972 736 532 879 648 898 108 17 516 904 544 88 456 957 601 613 309 876 209 27 302 851 491 650 764 394 996 701 397 733 137 468 138 5 271 774 344 677 817 525 529 921 390 530 752 971 639 202 811 626 848 38 522 785 564 575 877 543 821 441 572 251 608 326 245 980 907 441 943 766 899 369 796 923 362 988 321 45 271 13 80 254 780 644 318 962 440 469 534 352 243 720 735 
264 930 562 867 434 786 683 139 322 251 997 133 201 778 269 452 712 423 524 336 194 991 521 944 551 901 322 438 116 891 551 968 923 127 737 89 620 444 185 645 620 189 63 231 70 512 328 734 596 871 184 680 621 119 913 802 208 634 662 806 665 623 694 930 681 626 908 885 881 749 963 834 565 731 532 415 714 622 111 44 141 937 618 932 594 551 574 887 176 54 59 162 502 758 487 742 571 717 858 0 492 637 273 414 168 403 695 505 583 907 639 238 694 415 854 717 228 780 593 675 274 886 133 282 553 99 566 798 393 81 897 337 463 703 956 816 448 620 77 229 
313 195 572 195 734 283 183 714 525 182 570 518 67 478 719 121 891 596 371 621 837 551 219 680 590 537 297 144 877 531 961 397 603 452 750 279 964 334 367 53 782 105 938 313 68 187 629 491 671 699 279 134 940 607 217 975 986 572 939 344 731 237 967 967 390 810 868 715 232 192 604 478 715 720 105 41 201 381 267 96 276 460 152 905 602 231 916 914 169 642 582 52 553 185 754 548 615 77 168 783 886 667 720 966 375 291 422 643 959 671 589 360 455 910 104 345 989 382 887 976 224 976 584 961 736 217 837 757 717 363 783 109 672 415 742 81 318 556 549 784 
71 924 718 676 279 721 232 567 532 182 288 510 691 854 877 249 537 794 766 576 872 631 72 868 741 479 453 312 194 171 794 146 929 83 270 593 195 682 804 622 188 584 625 495 464 494 462 484 446 463 183 529 734 688 742 730 140 881 397 490 437 335 781 728 303 206 61 674 795 372 204 275 474 180 507 72 557 259 839 976 877 973 61 570 660 812 121 195 113 913 277 586 471 297 91 669 747 49 873 286 196 866 267 627 252 344 299 465 367 992 655 312 509 821 481 724 786 812 376 985 681 145 385 994 464 199 794 926 226 276 560 199 257 684 668 352 580 236 755 358 
361 85 412 839 551 572 689 959 240 615 658 834 874 798 173 304 568 959 158 839 635 7 15 419 520 872 180 744 467 838 519 578 927 596 971 354 53 543 831 340 805 872 222 612 858 473 601 345 1000 954 165 452 758 755 512 725 748 765 112 793 903 485 77 801 365 942 715 793 896 675 533 978 29 290 821 332 98 759 745 488 35 688 949 239 287 657 86 479 848 492 329 750 972 741 597 964 11 57 810 45 529 867 907 293 70 116 249 394 556 556 31 229 68 119 617 166 602 715 694 894 600 783 21 279 974 554 325 731 703 280 455 904 267 916 996 997 194 444 254 681 
440 713 944 559 437 194 655 858 62 524 409 546 173 534 460 102 500 167 726 46 725 301 369 115 613 902 715 574 290 363 959 748 639 73 181 842 169 977 219 733 705 334 50 237 549 780 524 688 468 326 752 324 414 10 394 485 42 457 417 796 376 642 592 896 105 968 320 341 449 403 175 29 380 395 162 699 942 508 377 683 165 172 164 155 88 703 609 844 57 148 566 755 388 961 473 952 729 51 843 957 593 45 266 736 81 741 710 905 903 329 926 575 667 376 771 893 762 290 251 913 542 142 99 119 81 151 550 390 971 852 901 675 980 42 893 844 775 829 367 381 
690 242 246 458 616 157 809 451 753 381 490 963 12 545 698 512 9 252 871 630 81 278 855 811 450 842 497 222 3 952 131 761 5 168 0 291 936 72 309 608 558 725 925 741 360 337 388 250 546 660 36 44 603 116 45 638 56 502 605 738 469 349 764 954 136 144 246 559 285 892 296 582 740 774 668 886 588 609 419 972 263 576 504 705 975 56 595 437 789 326 240 119 703 541 900 521 580 49 627 946 484 720 761 906 814 857 355 865 733 189 85 258 567 152 307 706 468 436 358 642 357 10 858 858 734 433 944 838 979 11 749 809 510 149 107 287 57 492 432 60 
45 404 620 485 536 722 597 977 564 862 287 646 165 493 895 778 900 858 936 320 849 179 266 163 410 904 872 321 839 115 627 609 773 517 356 27 423 455 235 68 63 75 328 635 787 102 809 715 722 280 636 967 520 737 601 910 515 176 686 102 759 179 660 580 171 89 25 238 644 266 739 273 654 676 174 861 82 829 201 207 432 105 266 183 197 273 174 719 102 139 342 775 272 336 854 809 623 822 145 704 245 866 590 82 781 710 13 694 468 704 5 616 525 881 434 246 396 454 604 34 743 522 526 837 202 363 460 719 600 823 299 687 352 295 751 188 391 60 530 312 
789 377 548 265 923 802 220 379 139 386 819 480 155 164 827 64 775 869 254 153 297 53 951 570 860 361 654 865 606 675 853 290 436 785 422 642 404 997 535 518 965 55 412 280 606 998 565 210 632 736 904 129 249 703 871 21 506 436 200 146 143 814 291 409 693 905 755 229 75 249 56 745 91 513 863 398 266 287 891 133 187 908 29 316 613 403 604 412 486 405 459 470 375 481 575 20 727 164 438 1 732 266 744 628 836 550 964 730 250 151 19 624 233 830 454 137 875 91 843 556 16 992 511 25 709 371 311 755 608 768 763 289 230 389 97 23 447 84 889 882 
272 113 895 342 558 39 519 483 376 887 741 480 371 442 988 352 599 454 371 193 810 896 992 603 605 359 566 757 875 303 577 894 629 431 302 964 714 333 727 694 547 708 416 13 886 34 952 462 436 86 191 714 510 816 509 467 721 160 138 80 179 288 370 638 224 921 519 999 310 650 357 474 349 34 836 981 7 833 755 647 349 329 71 961 97 890 96 247 686 901 6 622 477 942 692 957 672 886 561 720 752 314 201 865 196 339 111 846 284 135 238 500 896 846 458 738 439 392 271 258 718 134 804 67 650 45 964 604 882 459 536 900 89 136 1 560 718 235 261 58 
11 725 232 336 103 38 332 838 601 355 301 776 731 534 492 553 230 621 80 676 468 919 122 250 67 449 787 632 168 70 54 650 180 735 503 48 249 274 91 140 826 488 43 140 914 873 858 98 83 703 982 136 188 340 819 868 758 410 21 484 494 908 838 755 885 86 485 232 603 652 164 22 829 942 104 205 435 462 771 445 860 974 969 923 680 611 67 212 650 503 996 707 537 412 464 612 222 164 571 594 789 257 578 109 346 419 7 525 289 211 390 363 624 250 405 469 976 733 153 182 259 995 790 643 662 983 183 212 278 805 435 809 689 650 975 474 682 526 1 576 
410 190 226 102 37 505 834 793 993 980 224 11 202 815 704 174 869 150 274 295 569 636 514 7 780 323 519 333 129 792 657 312 725 90 5 903 688 12 88 108 640 549 419 585 444 460 396 742 859 138 23 159 768 934 493 600 617 810 613 631 933 820 497 780 474 751 792 840 327 102 827 69 68 803 453 515 22 303 829 767 805 470 824 134 519 175 728 558 935 563 84 193 124 206 277 725 651 704 671 448 55 250 516 831 949 489 657 178 5 454 282 898 914 774 807 604 147 103 805 655 225 953 720 727 439 39 142 714 849 350 320 966 579 971 571 189 994 655 505 930 
876 645 712 102 361 840 953 783 381 587 234 956 883 389 216 861 269 212 58 106 81 578 899 752 778 24 181 816 926 800 297 979 330 19 58 327 474 952 595 630 142 277 144 747 466 732 206 377 407 49 178 629 440 655 362 275 378 163 455 810 140 212 177 274 260 19 982 874 0 624 273 973 118 160 660 108 367 100 746 610 961 242 102 541 645 59 701 875 261 259 901 372 406 221 584 916 14 13 412 16 788 21 795 767 148 601 714 179 169 862 278 118 231 237 827 939 651 878 302 705 784 795 732 741 521 882 499 941 989 247 371 425 299 624 815 460 236 63 878 782 
557 952 577 94 87 172 768 345 185 86 285 20 929 439 398 281 602 822 364 408 306 342 73 534 146 300 782 880 180 600 377 488 284 392 927 142 626 527 412 201 436 996 511 645 479 50 280 832 948 283 219 395 891 126 628 195 510 695 578 694 533 255 898 83 25 245 132 285 954 935 854 748 537 394 847 886 372 17 947 73 720 390 842 734 714 294 631 632 12 168 404 545 930 775 725 285 386 653 450 54 39 131 378 451 189 459 757 455 609 53 389 257 968 553 578 728 906 360 290 504 102 862 901 70 448 757 962 353 626 746 487 399 776 144 846 392 89 497 827 930 
504 91 646 994 645 522 571 155 549 363 156 57 922 139 610 338 317 727 290 314 330 750 776 454 734 550 640 984 400 352 972 707 84 336 286 804 628 633 186 661 284 530 876 459 264 522 985 103 294 843 51 85 551 950 915 585 663 31 180 342 872 806 722 638 274 2 1000 500 762 272 309 197 978 984 26 736 302 322 315 649 969 452 621 393 180 742 869 365 660 822 431 447 304 428 225 131 904 725 785 354 389 228 170 620 32 663 588 6 13 238 920 889 403 534 391 735 831 921 698 387 990 68 115 548 845 784 285 415 679 157 400 921 619 845 897 393 394 499 575 896 
183 970 266 100 774 508 296 506 458 449 10 515 444 95 856 154 268 777 193 224 738 872 956 12 82 559 699 657 839 977 471 688 313 879 821 559 179 341 969 503 79 105 245 544 48 336 589 799 285 326 852 769 471 343 273 36 653 635 694 222 988 510 553 508 816 92 750 491 867 407 426 290 518 904 968 991 882 527 266 716 383 676 566 61 671 241 906 970 749 195 173 131 652 121 510 377 698 672 724 850 85 47 221 318 997 352 774 220 110 169 877 967 221 370 135 208 742 857 396 114 199 302 57 35 443 206 893 554 923 379 377 469 517 359 302 546 355 30 66 184 
545 622 23 152 775 267 773 322 264 101 977 687 609 197 600 888 581 825 878 649 585 397 76 821 486 779 689 89 577 687 490 874 170 772 552 101 589 526 67 692 452 217 757 983 380 258 399 250 499 926 973 651 691 627 547 59 817 486 833 537 939 627 140 866 955 541 85 661 74 703 297 360 284 852 178 343 935 170 888 257 905 155 505 583 862 720 950 886 878 405 77 628 442 757 446 508 909 660 215 40 593 660 33 9 834 866 215 965 11 414 769 468 983 6 786 614 143 222 278 203 707 765 567 791 815 899 761 710 936 655 718 248 737 958 179 693 168 999 242 642 
729 71 754 675 5 816 531 829 665 657 622 161 635 956 90 900 492 269 195 101 286 0 62 131 442 142 47 351 9 408 698 697 170 805 191 372 896 159 509 577 222 620 188 332 561 661 32 595 544 641 325 19 384 581 84 680 750 697 269 502 242 441 292 428 330 481 948 538 921 799 814 721 22 718 903 217 375 894 597 822 824 570 523 222 232 533 985 738 527 980 694 837 213 63 874 305 883 663 900 77 187 323 762 286 339 421 563 722 123 426 354 413 943 31 998 409 220 514 452 754 678 995 970 884 295 593 634 317 113 773 351 234 333 816 937 416 37 642 225 20 
146 948 680 659 826 213 790 205 962 755 452 938 335 414 897 109 759 889 870 83 561 611 438 113 660 186 150 143 780 349 513 655 44 142 189 452 30 998 380 850 144 843 971 663 711 4 835 404 297 200 795 17 21 695 956 252 509 149 579 605 173 62 712 914 425 152 725 928 694 820 555 100 663 2 83 435 751 944 717 255 799 38 761 618 894 223 191 665 425 954 735 533 598 479 719 313 824 766 910 257 508 302 51 665 820 799 603 495 184 278 738 247 266 871 902 540 549 651 466 114 366 246 827 543 544 612 241 622 552 218 861 141 606 189 173 150 172 228 225 765 
307 16 571 445 120 508 830 95 29 368 796 729 819 63 571 395 405 663 551 496 76 600 753 970 786 174 750 133 788 385 419 795 182 425 937 403 369 25 700 619 629 909 691 779 986 297 981 179 317 112 732 11 197 794 468 722 412 449 605 482 813 684 354 720 812 95 536 15 514 265 144 206 747 439 919 215 573 281 478 80 412 471 247 92 860 806 366 197 678 790 196 912 859 213 112 568 916 69 614 441 719 94 387 537 788 23 462 50 549 42 331 995 271 995 34 673 131 569 208 856 4 274 21 547 929 777 4 824 374 896 589 889 629 202 342 167 311 470 979 136 
470 691 157 533 62 677 308 204 952 563 71 769 45 154 742 42 188 118 136 141 266 678 900 894 190 368 439 995 480 756 571 703 893 705 428 908 815 3 776 637 870 958 761 709 347 22 388 412 899 981 784 6 540 417 300 296 469 16 826 927 867 335 917 684 196 607 457 978 172 60 663 234 782 50 609 731 712 940 695 299 83 722 957 147 620 920 598 213 101 658 895 839 763 414 423 701 495 81 839 722 797 80 141 361 957 394 707 955 416 136 391 484 834 278 173 362 0 449 952 163 632 616 823 573 143 578 20 481 401 951 902 851 585 572 414 829 52 409 535 174 
97 409 283 871 449 968 555 1 202 67 800 872 854 462 922 307 756 275 728 314 187 93 124 759 720 39 758 908 818 809 195 764 77 963 475 986 506 950 356 308 17 416 634 11 905 263 688 986 77 624 246 121 323 684 721 174 988 276 8 617 138 663 551 124 774 209 553 260 347 841 346 246 527 135 763 454 157 18 244 88 849 346 561 432 680 292 977 97 841 755 997 844 395 380 241 314 985 74 673 573 600 353 987 692 922 516 300 13 781 597 830 854 302 71 918 290 658 645 893 9 271 204 136 793 638 17 549 760 967 810 174 937 587 92 618 690 439 255 458 792 
653 96 316 2 392 125 154 725 308 265 851 902 348 476 773 989 674 698 158 16 559 582 18 571 941 278 548 23 474 914 999 271 658 885 955 366 550 576 934 676 163 210 980 934 968 900 201 553 719 337 12 660 397 738 336 863 878 572 230 136 600 953 960 323 86 447 793 119 103 452 489 778 504 535 145 101 931 96 569 464 456 810 835 167 623 575 206 197 112 15 978 834 306 46 342 171 284 738 971 741 76 850 339 748 287 359 987 865 423 15 847 891 343 493 267 969 789 943 639 470 688 916 966 416 150 387 804 971 760 560 260 194 221 407 491 638 208 109 370 849 
