5
25 20
94 409 451 427 666 941 32 481 671 610 365 522 927 929 604 460 865 363 361 411 
564 955 685 847 215 785 310 264 965 509 569 584 198 412 476 917 782 246 302 354 
479 247 278 809 866 520 646 805 861 191 211 784 207 794 538 400 347 604 774 928 
352 382 34 962 149 297 514 326 806 776 110 36 782 982 831 945 676 136 935 381 
465 764 257 943 462 270 787 744 112 503 315 244 681 742 877 613 84 288 459 423 
614 979 239 934 717 143 490 5 239 770 274 889 382 604 358 600 301 945 152 190 
499 290 788 761 525 848 178 347 811 926 554 778 637 253 792 525 131 257 456 490 
370 50 46 140 702 342 684 936 357 832 548 472 125 30 975 52 802 381 319 473 
834 533 610 945 531 709 28 939 703 339 6 648 188 453 145 271 791 387 862 449 
581 136 393 377 881 346 950 794 573 292 454 327 1000 340 354 568 730 992 298 111 
649 592 132 97 25 148 12 213 813 912 91 631 291 235 368 561 694 965 39 407 
345 517 740 720 982 318 864 894 921 822 106 68 311 61 566 410 304 301 870 739 
579 572 215 754 399 777 921 851 596 339 422 131 573 524 46 649 575 212 227 387 
410 720 990 144 469 252 251 130 647 252 617 323 707 604 829 346 136 971 578 763 
738 809 713 941 269 872 587 997 440 421 63 164 733 953 987 244 893 123 723 789 
438 93 812 901 840 647 741 321 228 408 124 77 548 830 535 250 325 981 508 882 
579 661 741 83 89 169 375 378 77 525 632 176 710 430 935 616 618 993 680 142 
53 764 295 37 418 915 520 990 561 766 335 522 106 913 128 137 430 849 481 575 
566 304 827 395 297 363 764 683 522 40 975 809 954 503 407 316 205 16 246 122 
351 818 289 986 387 921 675 802 945 866 611 948 835 301 773 648 175 477 924 761 
270 333 730 273 474 2 635 630 162 635 262 323 587 355 80 314 11 483 240 184 
631 89 878 27 357 8 238 651 223 169 404 165 938 83 693 545 881 2 134 797 
843 942 828 837 541 670 396 517 854 597 675 59 218 600 596 584 616 367 574 355 
736 821 734 136 974 854 761 517 404 368 839 579 939 684 871 867 571 670 762 150 
664 798 846 401 247 192 300 515 629 179 932 280 230 559 803 747 632 106 350 637 
