5
25 40
394 401 25 338 685 6 235 491 982 614 318 342 21 254 577 194 259 789 521 728 685 925 632 617 294 832 390 630 844 266 19 129 177 583 303 278 483 564 634 923 
623 847 825 572 850 456 876 95 795 220 388 43 34 452 832 847 886 7 421 618 120 130 456 420 253 462 40 247 273 692 265 866 447 492 881 411 613 814 894 488 
21 532 496 711 671 801 651 979 714 892 632 580 588 989 90 200 529 591 246 937 690 913 76 336 227 745 918 888 200 422 714 345 806 990 232 732 350 347 927 605 
231 897 405 220 47 401 354 567 306 462 79 727 491 250 473 419 337 598 672 689 14 616 48 197 916 41 7 648 953 823 769 721 114 920 991 723 210 619 244 229 
624 591 741 988 578 622 569 922 792 961 638 501 169 726 618 620 425 326 67 494 137 741 56 698 907 589 748 397 50 178 230 924 594 787 462 101 725 545 814 819 
126 446 347 166 191 252 649 846 256 241 849 59 189 833 244 820 455 373 915 695 311 676 960 53 968 70 33 995 714 135 875 728 337 90 195 710 32 590 159 331 
421 430 699 955 788 520 633 13 864 967 311 345 824 435 811 261 800 481 624 183 217 532 474 613 316 529 188 432 292 877 483 803 820 87 90 409 756 232 963 114 
191 878 471 687 820 892 325 51 412 326 229 239 883 96 29 329 698 672 768 740 666 657 966 329 45 464 286 612 16 863 226 57 534 348 987 180 494 449 531 902 
397 851 605 409 203 106 185 516 815 941 637 971 557 347 791 444 846 804 150 938 83 607 869 37 796 347 993 937 894 869 609 316 17 681 521 838 457 942 73 716 
860 96 550 454 747 365 320 91 457 587 32 211 607 386 540 766 392 893 270 156 491 737 688 337 523 49 92 240 532 998 316 179 366 369 828 463 342 667 293 979 
255 827 908 142 446 490 372 226 758 850 986 974 223 257 369 612 469 859 112 300 212 205 503 93 118 574 968 707 615 184 871 668 267 240 452 591 529 107 222 752 
370 350 326 129 875 865 258 489 73 931 256 651 893 594 770 926 538 907 301 342 518 30 192 28 452 37 242 956 81 58 926 332 630 446 75 395 904 451 546 466 
724 884 956 714 181 470 939 20 188 762 372 557 622 819 664 462 179 551 998 849 707 694 8 165 480 437 47 717 489 50 930 418 447 632 637 619 270 462 685 769 
99 316 231 955 512 884 537 340 642 978 145 425 824 980 672 140 137 94 597 798 786 817 801 814 125 225 227 379 44 388 123 877 755 621 706 313 692 801 611 653 
857 211 276 31 926 298 465 54 319 855 330 863 552 127 262 631 324 800 490 627 444 42 843 406 23 646 102 896 388 806 386 358 289 262 637 726 170 583 840 911 
336 911 961 64 994 530 910 282 958 136 527 933 395 803 477 464 732 705 571 332 555 598 164 287 757 917 236 509 534 397 456 914 488 46 358 497 478 687 698 236 
617 130 539 81 266 703 981 214 793 327 164 930 178 698 784 204 339 838 356 261 40 394 117 569 209 818 222 845 277 25 391 45 935 11 294 56 614 805 980 284 
542 589 827 95 479 831 452 386 18 436 988 456 51 797 481 125 414 734 287 180 301 122 225 144 953 475 644 889 843 298 842 205 14 276 662 989 253 238 498 277 
822 74 260 596 77 361 998 36 484 438 375 190 210 608 702 217 142 866 613 559 111 817 439 721 881 138 301 779 618 879 991 628 308 883 527 519 134 471 432 151 
242 55 805 483 8 553 424 736 970 513 426 987 50 879 449 980 977 593 31 544 217 53 441 169 718 295 666 788 966 487 528 351 131 18 406 542 563 999 1 243 
767 343 596 796 671 518 837 659 677 463 157 3 674 613 846 631 388 818 328 310 90 697 328 541 832 500 41 414 678 606 315 439 938 591 111 944 103 184 393 158 
280 266 517 166 701 894 715 53 204 2 600 292 481 405 770 204 851 693 125 350 449 356 304 100 969 678 586 546 839 6 414 386 636 433 986 415 20 567 858 755 
719 860 559 749 69 811 532 401 550 58 862 452 724 608 658 342 825 17 5 912 663 978 376 290 432 347 84 292 239 752 469 876 968 525 81 743 903 978 256 184 
892 316 733 587 990 646 353 265 363 843 55 514 441 964 832 287 465 27 311 901 562 543 218 259 940 15 318 976 592 480 350 567 392 120 106 730 101 365 103 365 
928 110 426 929 795 537 366 636 530 589 70 717 875 139 981 304 750 89 47 78 573 967 657 188 794 852 163 235 224 247 87 752 566 50 209 666 881 949 521 68 
